epoch,loss,train_acc,val_acc,test_acc,gradient_norm
1,1.0870361328125,0.4462474584579468,0.45385393500328064,0.4499671757221222,0.18509275766165503
2,1.0706828832626343,0.5111562013626099,0.49391478300094604,0.49489825963974,0.1541947087584519
3,1.059878945350647,0.5111562013626099,0.5025354623794556,0.49913477897644043,0.13764298119695248
4,1.0329313278198242,0.517241358757019,0.5060851573944092,0.5023569464683533,0.1226999241622933
5,1.0181585550308228,0.5801216959953308,0.5537525415420532,0.5508681535720825,0.11424188469844643
6,0.9842575192451477,0.5983772873878479,0.5537525415420532,0.5541499853134155,0.13412159014407427
7,0.9571962356567383,0.610547661781311,0.5618661046028137,0.5557013750076294,0.1859070546949814
8,0.9160959720611572,0.6440162062644958,0.5841785073280334,0.573900580406189,0.16103410953446506
9,0.884232759475708,0.6501014232635498,0.5760648846626282,0.5717524886131287,0.1613422510143254
10,0.8553647398948669,0.6653143763542175,0.5907707810401917,0.5841637253761292,0.21802456694127575
11,0.7997943162918091,0.679513156414032,0.5806288123130798,0.5791515111923218,0.16459736382234383
12,0.7744514346122742,0.6947261691093445,0.5709939002990723,0.5722895264625549,0.1875762916179726
13,0.7413790822029114,0.7079107165336609,0.5628803372383118,0.5587445497512817,0.20746725782661557
14,0.7114951014518738,0.7221094965934753,0.563894510269165,0.5622650384902954,0.19717640460993066
15,0.6645643711090088,0.7190669178962708,0.5471602082252502,0.5456769466400146,0.20259684054851398
16,0.6559573411941528,0.7281947135925293,0.569979727268219,0.5637567639350891,0.2983795291461571
17,0.6212605237960815,0.7302231192588806,0.568965494632721,0.5612506866455078,0.2165077397014537
18,0.5942323803901672,0.7474644780158997,0.5522312521934509,0.5532549619674683,0.2527281599550097
19,0.5679560303688049,0.7565922737121582,0.5491886138916016,0.5516439080238342,0.25899087741288834
20,0.532110333442688,0.7636916637420654,0.5527383089065552,0.5552240610122681,0.2073370742110671
21,0.5000889301300049,0.7626774907112122,0.5486815571784973,0.5548660159111023,0.23181431276275902
22,0.49561449885368347,0.7677484750747681,0.5567951202392578,0.5602362751960754,0.254386543472994
23,0.4656204879283905,0.8306288123130798,0.563894510269165,0.5625036954879761,0.23579305341897275
24,0.43299493193626404,0.860040545463562,0.5603448152542114,0.5558207631111145,0.22144069151098317
25,0.4149034023284912,0.8864096999168396,0.5567951202392578,0.5553433895111084,0.27701461046056486
26,0.4064640700817108,0.8853955268859863,0.5623732209205627,0.5602362751960754,0.2678522295523673
27,0.3736763596534729,0.8935090899467468,0.5654157996177673,0.5654275417327881,0.26546131297040426
28,0.34562212228775024,0.9178498983383179,0.5649086833000183,0.566978931427002,0.23381351030789252
29,0.3220965266227722,0.9219066500663757,0.5623732209205627,0.5697237253189087,0.22108660188301743
30,0.32137593626976013,0.9279918670654297,0.569979727268219,0.5725878477096558,0.22953459076554525
31,0.30861741304397583,0.9411764740943909,0.56947261095047,0.5725878477096558,0.23992156776962592
32,0.28106218576431274,0.9513184428215027,0.5618661046028137,0.5719911456108093,0.264277360108198
33,0.2780758738517761,0.9574036002159119,0.5755577683448792,0.582075297832489,0.30799995197198893
34,0.22339308261871338,0.952332615852356,0.5912778973579407,0.5889372825622559,0.2549731848242806
35,0.24757054448127747,0.9655172228813171,0.5892494916915894,0.5926964282989502,0.35782435754165914
36,0.2157798558473587,0.9675456285476685,0.5841785073280334,0.6002147793769836,0.3138923737854942
37,0.20884737372398376,0.9685598015785217,0.5877282023429871,0.6095232367515564,0.22250023038905076
38,0.1839691698551178,0.9807301759719849,0.6146044731140137,0.6202040314674377,0.2489837618968541
39,0.1769847869873047,0.9776875972747803,0.6232251524925232,0.627662718296051,0.3241157985762391
40,0.1911686807870865,0.9837728142738342,0.6242393255233765,0.6310042142868042,0.33668837118985334
41,0.1671382188796997,0.9827585816383362,0.6282961368560791,0.62933349609375,0.34231773680050465
42,0.1512913852930069,0.9858012199401855,0.6217038631439209,0.6254549622535706,0.23230218215836615
43,0.14185455441474915,0.9868153929710388,0.6196754574775696,0.6212184429168701,0.22821661316285963
44,0.13415585458278656,0.9878295660018921,0.6125760674476624,0.6179366111755371,0.24459144050848206
45,0.13928751647472382,0.9918863773345947,0.610547661781311,0.6200250387191772,0.30491847884488077
46,0.12598711252212524,0.9929006099700928,0.6176470518112183,0.6261709928512573,0.24594140742096385
47,0.11339716613292694,0.9918863773345947,0.6257606148719788,0.6330926418304443,0.2947939055703889
48,0.12784172594547272,0.993914783000946,0.6288032531738281,0.639894962310791,0.2692805598635247
49,0.11304900050163269,0.993914783000946,0.639452338218689,0.6453248858451843,0.3250052582083349
50,0.09355055540800095,0.993914783000946,0.6450304388999939,0.6516498327255249,0.20669925940853673
51,0.10487222671508789,0.9949289560317993,0.6511155962944031,0.6572587490081787,0.2243464192810913
52,0.10095840692520142,0.9969573616981506,0.6541581749916077,0.6587505340576172,0.2610273677248809
53,0.08825890719890594,0.9969573616981506,0.6511155962944031,0.6583328247070312,0.27496759536014026
54,0.0946524366736412,0.9979715943336487,0.6465517282485962,0.6587505340576172,0.3249842722511257
55,0.0952971801161766,0.998985767364502,0.657200813293457,0.6604809165000916,0.3493520528361575
56,0.0928104966878891,0.998985767364502,0.6632859706878662,0.6627483367919922,0.2455046346079845
57,0.09500075876712799,0.998985767364502,0.6617646813392639,0.6588698625564575,0.22846673316721633
58,0.09427841752767563,0.998985767364502,0.6587221026420593,0.6597052216529846,0.2711319304134545
59,0.06452782452106476,0.998985767364502,0.656186580657959,0.6607195734977722,0.26188075273037736
60,0.0712197944521904,0.998985767364502,0.656693696975708,0.6617936491966248,0.22164299778855062
61,0.0707770511507988,0.9979715943336487,0.6607505083084106,0.6632257103919983,0.2528800537445707
62,0.061324771493673325,0.998985767364502,0.656693696975708,0.6645384430885315,0.1659006528611459
63,0.06725911051034927,0.998985767364502,0.6551724076271057,0.6606002449989319,0.3127640075487925
64,0.06035475432872772,0.998985767364502,0.6485801339149475,0.6550509929656982,0.26008986866218076
65,0.0745268315076828,0.998985767364502,0.6521298289299011,0.6546333432197571,0.1847508225197407
66,0.09183534979820251,0.998985767364502,0.6582149863243103,0.6582731604576111,0.30520653053583496
67,0.0745072141289711,0.9979715943336487,0.6592292189598083,0.6616146564483643,0.38371955838973004
68,0.0641014352440834,0.9979715943336487,0.6703853607177734,0.6662091612815857,0.22395266712740564
69,0.0658300444483757,0.998985767364502,0.6784989833831787,0.6742645502090454,0.2718575095029536
70,0.06878691166639328,0.998985767364502,0.6850912570953369,0.6826779246330261,0.25487645059536834
71,0.06744787842035294,0.998985767364502,0.6866125464439392,0.6841697096824646,0.2270461265442154
72,0.07508941739797592,0.998985767364502,0.6759634613990784,0.6778447031974792,0.335289380624906
73,0.08406104147434235,1.0,0.679513156414032,0.6773673892021179,0.30907534292211786
74,0.0827345997095108,0.998985767364502,0.6835699677467346,0.6796348094940186,0.3204334476712845
75,0.06256391108036041,0.998985767364502,0.680020272731781,0.6793961524963379,0.2109812496659131
76,0.07207442820072174,0.998985767364502,0.6774847507476807,0.678202748298645,0.200479176198195
77,0.08684410899877548,1.0,0.6774847507476807,0.6793364882469177,0.263555220537949
78,0.067904531955719,0.9979715943336487,0.6779918670654297,0.681484580039978,0.3932746836762622
79,0.05249751731753349,0.9979715943336487,0.6825557351112366,0.6823796033859253,0.2618522712189626
80,0.06359304487705231,0.9979715943336487,0.6876267790794373,0.6856017708778381,0.20179234682044192
81,0.053741455078125,0.9979715943336487,0.6901622414588928,0.6909719705581665,0.17910658630913354
82,0.05727763473987579,1.0,0.6881338357925415,0.6931201219558716,0.3007481908022696
83,0.0557437501847744,0.998985767364502,0.6835699677467346,0.6930604577064514,0.22401595290025852
84,0.05608932673931122,0.998985767364502,0.6881338357925415,0.6921057105064392,0.1708426309050045
85,0.0897952988743782,1.0,0.6866125464439392,0.6904946565628052,0.3758314102576449
86,0.04835687205195427,1.0,0.6845841407775879,0.6890029311180115,0.15149916290652313
87,0.054870471358299255,0.998985767364502,0.6866125464439392,0.6869741678237915,0.16067633324366823
88,0.05666196718811989,1.0,0.6901622414588928,0.6874514818191528,0.34114565972460353
89,0.04748121649026871,1.0,0.6932048797607422,0.6897786259651184,0.24680176042130184
90,0.09432591497898102,0.998985767364502,0.6992900371551514,0.6951488852500916,0.4341149516617848
91,0.0655084103345871,0.9979715943336487,0.702839732170105,0.7015334963798523,0.3040306160701128
92,0.05041634291410446,0.9979715943336487,0.6977687478065491,0.7035025954246521,0.18782501447457034
93,0.07816821336746216,1.0,0.6977687478065491,0.7013545036315918,0.30561946675427387
94,0.0604122132062912,1.0,0.6992900371551514,0.6992063522338867,0.3221714659506911
95,0.0631338581442833,1.0,0.6977687478065491,0.6990273594856262,0.39251326395838376
96,0.05591481551527977,1.0,0.6967545747756958,0.697356641292572,0.3629698658864095
97,0.05293639376759529,1.0,0.6977687478065491,0.6941344738006592,0.29551471544363034
98,0.05144921690225601,1.0,0.6906693577766418,0.6921653747558594,0.2761471167644983
99,0.060921672731637955,1.0,0.6947261691093445,0.6962229013442993,0.3005706112960473
100,0.0625852569937706,1.0,0.7068965435028076,0.7021898627281189,0.3110542317334031
101,0.06146970018744469,0.998985767364502,0.7150101065635681,0.7056506872177124,0.18275455563796325
102,0.07851089537143707,1.0,0.7160243391990662,0.7093501687049866,0.2890627128952557
103,0.052436430007219315,1.0,0.7134888172149658,0.7125126719474792,0.29255567748652106
104,0.06659747660160065,1.0,0.7129817008972168,0.7129900455474854,0.21495084672364306
105,0.06737728416919708,1.0,0.7043610215187073,0.7119159698486328,0.302750655040755
106,0.06691773980855942,1.0,0.6962474584579468,0.7092308402061462,0.24771848756655376
107,0.07347118854522705,0.998985767364502,0.6962474584579468,0.7071424126625061,0.2519473094010096
108,0.07445308566093445,1.0,0.6997971534729004,0.7098872065544128,0.2729584481040143
109,0.06466031074523926,1.0,0.7048681378364563,0.7146607637405396,0.425450784028046
110,0.06946925818920135,0.998985767364502,0.7079107165336609,0.718539297580719,0.25839819289898575
111,0.0556952990591526,0.998985767364502,0.7089249491691589,0.7183005809783936,0.16598353711111283
112,0.050072915852069855,0.998985767364502,0.7079107165336609,0.7171072363853455,0.254244627475247
113,0.0735381543636322,1.0,0.7008113265037537,0.7162121534347534,0.20954120656124886
114,0.07110493630170822,0.998985767364502,0.7013184428215027,0.717286229133606,0.27732019201479957
115,0.054697178304195404,0.998985767364502,0.6982758641242981,0.7155557870864868,0.25451820724154883
116,0.06276081502437592,1.0,0.7008113265037537,0.7177635431289673,0.37462809780990747
117,0.05795937031507492,1.0,0.7124746441841125,0.7213437557220459,0.2515335440755274
118,0.06475737690925598,1.0,0.7190669178962708,0.7221194505691528,0.2787978204459735
119,0.0525968074798584,1.0,0.7221094965934753,0.7243868708610535,0.24813219554740165
120,0.049961671233177185,1.0,0.725659191608429,0.7231934666633606,0.2090695518368202
121,0.048784639686346054,1.0,0.7210953235626221,0.7196729779243469,0.17525445322510225
122,0.053273484110832214,1.0,0.7175456285476685,0.7206277251243591,0.21524597596614112
123,0.03991200774908066,1.0,0.7114604115486145,0.7229548096656799,0.2221854009919151
124,0.05450121685862541,1.0,0.7170385122299194,0.7242675423622131,0.20977733687815606
125,0.05029743164777756,1.0,0.7175456285476685,0.7249835729598999,0.25843290197155455
126,0.03841889277100563,1.0,0.7170385122299194,0.7254012823104858,0.14014606636955587
127,0.04006921872496605,1.0,0.7170385122299194,0.7269526720046997,0.21445779976423202
128,0.049818918108940125,1.0,0.7155172228813171,0.723432183265686,0.14319765206187693
129,0.04844111204147339,1.0,0.7145030498504639,0.7240885496139526,0.24453985276959267
130,0.04961448907852173,1.0,0.7129817008972168,0.7228951454162598,0.2809394319732077
131,0.04163433983922005,1.0,0.7094320058822632,0.7193149924278259,0.15881174193074368
132,0.04435819759964943,1.0,0.7160243391990662,0.7175248861312866,0.32647356217282225
133,0.044991012662649155,1.0,0.7160243391990662,0.7197326421737671,0.21069269714750247
134,0.041105713695287704,1.0,0.720588207244873,0.7211647033691406,0.21431981273670841
135,0.05036623403429985,1.0,0.726166307926178,0.7246255278587341,0.1830761774943612
136,0.04572143778204918,1.0,0.7271804809570312,0.726714015007019,0.12123457971547749
137,0.051639627665281296,1.0,0.7317444086074829,0.7311891913414001,0.23866285802792978
138,0.046828363090753555,1.0,0.7368153929710388,0.7310101985931396,0.23438871557043434
139,0.05513449385762215,1.0,0.7378296256065369,0.7284443974494934,0.2967557047139364
140,0.04617660120129585,1.0,0.7312372922897339,0.7265946269035339,0.19337337644189917
141,0.04441900923848152,1.0,0.7241379022598267,0.7248642444610596,0.12764130460031625
142,0.03791883960366249,1.0,0.7241379022598267,0.7236708402633667,0.18546475643952953
143,0.05087906867265701,1.0,0.726166307926178,0.7259382605552673,0.17579907407749984
144,0.052464768290519714,1.0,0.7246450185775757,0.7270123362541199,0.21020509867686052
145,0.053658414632081985,1.0,0.7271804809570312,0.7262963056564331,0.25707503311618823
146,0.03911473602056503,1.0,0.7271804809570312,0.7264752984046936,0.2177620336367827
147,0.033069390803575516,1.0,0.725659191608429,0.7282654047012329,0.12583429963423734
148,0.04231042042374611,1.0,0.726673424243927,0.7262963056564331,0.18735836453837112
149,0.03480838984251022,1.0,0.7190669178962708,0.7265946269035339,0.1625448227534242
150,0.037015754729509354,1.0,0.7195740342140198,0.7255206108093262,0.21350122292568638
151,0.03819509968161583,1.0,0.725659191608429,0.725460946559906,0.1963966541198662
152,0.04455089941620827,1.0,0.7271804809570312,0.7264156341552734,0.33075558097287777
153,0.02996879443526268,1.0,0.726166307926178,0.7288024425506592,0.23575106175888788
154,0.04418637976050377,1.0,0.7297160029411316,0.7280266880989075,0.21186943758326376
155,0.04287733510136604,1.0,0.7322515249252319,0.7310101985931396,0.22210721188373586
156,0.05271703377366066,1.0,0.7302231192588806,0.7271913290023804,0.2518964546655021
157,0.04821176826953888,1.0,0.7307301759719849,0.7259382605552673,0.2051841109418341
158,0.06090666726231575,1.0,0.7337728142738342,0.7293394207954407,0.3238985021073363
159,0.03995194286108017,1.0,0.7317444086074829,0.7326809167861938,0.1800061377493702
160,0.055042002350091934,1.0,0.7327585816383362,0.7319648861885071,0.18362824048638665
161,0.05351853743195534,1.0,0.7307301759719849,0.7308908700942993,0.2599222062791031
162,0.051868610084056854,1.0,0.7317444086074829,0.7338743209838867,0.2951472288210997
163,0.04988984763622284,1.0,0.7322515249252319,0.733635663986206,0.19872744062884226
164,0.0646848976612091,1.0,0.7342799305915833,0.7308312058448792,0.22826332268384492
165,0.051873963326215744,1.0,0.7358012199401855,0.730353832244873,0.27604636946444283
166,0.05578571557998657,1.0,0.7347869873046875,0.7324422597885132,0.23904190684232993
167,0.03994547575712204,1.0,0.7302231192588806,0.7329792976379395,0.1667569649924345
168,0.047575607895851135,1.0,0.7297160029411316,0.7344710230827332,0.18461105538610229
169,0.057212959975004196,1.0,0.7327585816383362,0.7378721833229065,0.3069157876849013
170,0.03803063929080963,1.0,0.7383366823196411,0.7406169772148132,0.21497001021104648
171,0.0401240698993206,1.0,0.7418863773345947,0.7424666881561279,0.15685052302269153
172,0.05311775580048561,1.0,0.7413793206214905,0.7440778017044067,0.2841679627806673
173,0.05521427094936371,1.0,0.7408722043037415,0.7432424426078796,0.2541514552148501
174,0.03368428722023964,1.0,0.7418863773345947,0.7418700456619263,0.3214598204744374
175,0.05360885336995125,1.0,0.7423934936523438,0.7422876954078674,0.2490880023826251
176,0.05803018808364868,1.0,0.749492883682251,0.742586076259613,0.22687354762071507
177,0.034167952835559845,1.0,0.749492883682251,0.7421683669090271,0.13529434773162105
178,0.051135651767253876,1.0,0.7469573616981506,0.741690993309021,0.23860004152989492
179,0.03931129723787308,1.0,0.7449290156364441,0.7419297099113464,0.15904852079774792
180,0.040450189262628555,1.0,0.7459431886672974,0.7421087026596069,0.18089082129704573
181,0.05144752189517021,1.0,0.7464503049850464,0.7422280311584473,0.29753021556214587
182,0.030756128951907158,1.0,0.7464503049850464,0.7422876954078674,0.1549858943545041
183,0.0466485396027565,1.0,0.7449290156364441,0.7428247332572937,0.23315003572033594
184,0.045117754489183426,1.0,0.7479715943336487,0.7444357872009277,0.27243640808310826
185,0.041745468974113464,1.0,0.7505070567131042,0.7495673894882202,0.17970402820106673
186,0.04669966176152229,1.0,0.743914783000946,0.748672366142273,0.2862358471249246
187,0.0457671694457531,1.0,0.7444218993186951,0.7503430843353271,0.26330454036611295
188,0.0426722876727581,1.0,0.7459431886672974,0.7521928548812866,0.248655322578933
189,0.048545848578214645,1.0,0.7479715943336487,0.7543409466743469,0.1672615543053993
190,0.04573975130915642,0.998985767364502,0.7464503049850464,0.7524315118789673,0.15258241284791557
191,0.05771435797214508,1.0,0.7429006099700928,0.7502237558364868,0.2133938478620129
192,0.037851106375455856,1.0,0.7368153929710388,0.7484933137893677,0.28528562195384816
193,0.05180132016539574,1.0,0.7347869873046875,0.7467629313468933,0.1745213065556347
194,0.03944448381662369,1.0,0.7312372922897339,0.7458081841468811,0.18362687154688603
195,0.05160102620720863,1.0,0.725659191608429,0.74336177110672,0.09764553112757798
196,0.04605455324053764,1.0,0.7281947135925293,0.7455695271492004,0.3451887374407419
197,0.048274558037519455,1.0,0.7292088866233826,0.7477176189422607,0.2108522520815203
198,0.03382306918501854,1.0,0.7322515249252319,0.7491496801376343,0.16551695363049393
199,0.03659733384847641,1.0,0.7352941036224365,0.7487320303916931,0.1352763593872418
200,0.032973941415548325,1.0,0.7332656979560852,0.748612642288208,0.1901289175631709
201,0.022933650761842728,1.0,0.7347869873046875,0.7485529780387878,0.10296073364196316
202,0.05316018685698509,1.0,0.7352941036224365,0.7453308701515198,0.30684862940852314
203,0.04022277146577835,1.0,0.7347869873046875,0.7432424426078796,0.24205935265770626
204,0.0624142587184906,1.0,0.726166307926178,0.7403185963630676,0.40369576270058477
205,0.046986136585474014,1.0,0.7297160029411316,0.7415120005607605,0.29955241356025675
206,0.0342545360326767,1.0,0.7332656979560852,0.744972825050354,0.197741175847293
207,0.031682271510362625,1.0,0.7398579716682434,0.744614839553833,0.10720907252762986
208,0.03448839113116264,1.0,0.7418863773345947,0.7454501986503601,0.13630586304997766
209,0.040641676634550095,1.0,0.7429006099700928,0.7417506575584412,0.32141799603413196
210,0.04205755516886711,1.0,0.7352941036224365,0.7384688854217529,0.16633163701339013
211,0.04046265780925751,1.0,0.7307301759719849,0.7353660464286804,0.18699343251660236
212,0.06859869509935379,1.0,0.7307301759719849,0.7371561527252197,0.3508719486211418
213,0.04725126177072525,1.0,0.7358012199401855,0.739662230014801,0.2239685437061952
214,0.04547973349690437,1.0,0.7368153929710388,0.7399606108665466,0.17488999514010312
215,0.0348341129720211,1.0,0.743407666683197,0.7424070239067078,0.21678955259595373
216,0.04242904856801033,1.0,0.7454360723495483,0.7444954514503479,0.13893624885470235
217,0.04408423602581024,1.0,0.7474644780158997,0.7463452219963074,0.3324941076539968
218,0.045749347656965256,1.0,0.7444218993186951,0.7450324892997742,0.2082493908279549
219,0.051705099642276764,0.998985767364502,0.7484787106513977,0.7460469007492065,0.2519071702557201
220,0.03746774420142174,1.0,0.748985767364502,0.746225893497467,0.22203149381484386
221,0.0619036890566349,1.0,0.7550709843635559,0.7453905344009399,0.1928241404646126
222,0.02972109243273735,1.0,0.7535496950149536,0.7440778017044067,0.16292063405619436
223,0.05493964999914169,1.0,0.7464503049850464,0.7450324892997742,0.31175091962578194
224,0.06328609585762024,1.0,0.7403650879859924,0.7432424426078796,0.21274687668398432
225,0.04171626269817352,1.0,0.7388437986373901,0.743719756603241,0.3401278726339201
226,0.05429777875542641,1.0,0.7378296256065369,0.74336177110672,0.2254432127439517
227,0.039150420576334,1.0,0.7388437986373901,0.7448534965515137,0.14893593226478186
228,0.04766591638326645,1.0,0.7423934936523438,0.7450324892997742,0.2942505631019515
229,0.05230966582894325,1.0,0.7418863773345947,0.7472402453422546,0.22264627694988998
230,0.033480171114206314,1.0,0.743407666683197,0.7493286728858948,0.1436896506378503
231,0.04600544273853302,1.0,0.75,0.7512977719306946,0.17128442330344804
232,0.047629036009311676,1.0,0.7484787106513977,0.7527895569801331,0.28344866837143756
233,0.0369579941034317,1.0,0.7459431886672974,0.7530878782272339,0.22867882130885042
234,0.04855943098664284,1.0,0.7444218993186951,0.7520138025283813,0.20159460323934744
235,0.030044278129935265,1.0,0.7454360723495483,0.7528492212295532,0.23613524991426926
236,0.02759578265249729,1.0,0.7459431886672974,0.7511187791824341,0.12101257432004285
237,0.05114011839032173,1.0,0.7464503049850464,0.7524911761283875,0.20791039287722646
238,0.06240210682153702,1.0,0.7535496950149536,0.7540425658226013,0.26836403584770246
239,0.029397767037153244,1.0,0.7510141730308533,0.7573840618133545,0.18656015868210227
240,0.037259526550769806,1.0,0.7530425786972046,0.757563054561615,0.19520269228235732
241,0.03316602110862732,1.0,0.75,0.757563054561615,0.20056774069420893
242,0.049920015037059784,1.0,0.75,0.7579210996627808,0.15286191578257866
243,0.049748633056879044,1.0,0.7464503049850464,0.757205069065094,0.15759296229894995
244,0.0380006842315197,1.0,0.7515212893486023,0.7579807639122009,0.2297058128690883
245,0.03650081902742386,1.0,0.7505070567131042,0.7591741681098938,0.10736607328949944
246,0.04169173911213875,1.0,0.7535496950149536,0.7605465650558472,0.21585957321902025
247,0.03649378567934036,1.0,0.7479715943336487,0.7601288557052612,0.15432072508088374
248,0.04309184476733208,1.0,0.7459431886672974,0.7637686729431152,0.23879340443837757
249,0.027839191257953644,1.0,0.7474644780158997,0.7636493444442749,0.24689308682684355
250,0.043139971792697906,1.0,0.743914783000946,0.7618592977523804,0.22116878402853488
251,0.041316717863082886,1.0,0.7449290156364441,0.7587564587593079,0.1820586717846033
252,0.041121553629636765,1.0,0.7479715943336487,0.7577421069145203,0.29115843434114713
253,0.03077038563787937,1.0,0.7459431886672974,0.7564293742179871,0.13499655231347465
254,0.036329902708530426,1.0,0.743914783000946,0.7563100457191467,0.20973356973802582
255,0.03876093775033951,1.0,0.743407666683197,0.7538635730743408,0.1841146144662481
256,0.03423972800374031,1.0,0.7388437986373901,0.7509397864341736,0.2231495779627476
257,0.03626066446304321,1.0,0.7342799305915833,0.7499253749847412,0.19039038957982354
258,0.03690636157989502,1.0,0.7383366823196411,0.7463452219963074,0.44842475782167585
259,0.03366028890013695,1.0,0.7393509149551392,0.7455695271492004,0.3880287815192581
260,0.03594730794429779,1.0,0.7317444086074829,0.7468225955963135,0.23319462477074668
261,0.03700009360909462,1.0,0.7378296256065369,0.7472999691963196,0.14681766994356557
262,0.035760264843702316,1.0,0.7327585816383362,0.7457485198974609,0.15292692340193256
263,0.05755530670285225,1.0,0.7342799305915833,0.7463452219963074,0.2760379701109844
264,0.057464804500341415,1.0,0.7352941036224365,0.744614839553833,0.2624706975748895
265,0.0517490915954113,1.0,0.7347869873046875,0.7472999691963196,0.2771342266423548
266,0.044029273092746735,1.0,0.7398579716682434,0.7499850392341614,0.23959485458246219
267,0.05021056905388832,0.998985767364502,0.7535496950149536,0.7527298331260681,0.34872860177820797
268,0.05149146541953087,0.998985767364502,0.7540567517280579,0.7502237558364868,0.201723763737198
269,0.07372265309095383,1.0,0.75,0.7487916946411133,0.2988612215193468
270,0.06049089506268501,1.0,0.7464503049850464,0.7492690086364746,0.3118106520027089
271,0.03432726860046387,1.0,0.7383366823196411,0.7412136793136597,0.15317464009139145
272,0.05841599777340889,0.998985767364502,0.7408722043037415,0.7393639087677002,0.2092552441938492
273,0.053155262023210526,0.998985767364502,0.7423934936523438,0.7381705045700073,0.12339600920445055
274,0.06816006451845169,1.0,0.743914783000946,0.7409749627113342,0.37658566464277177
275,0.05181405693292618,1.0,0.7403650879859924,0.7422280311584473,0.26282927665996775
276,0.03933658078312874,1.0,0.7403650879859924,0.742586076259613,0.2293060259917764
277,0.052598875015974045,1.0,0.7398579716682434,0.7432424426078796,0.18141309788250604
278,0.05211790278553963,1.0,0.7418863773345947,0.7434214353561401,0.2755931251088177
279,0.03667812794446945,1.0,0.7403650879859924,0.7444357872009277,0.31344625258136805
280,0.053784649819135666,1.0,0.7393509149551392,0.7445551753044128,0.2173096489693248
281,0.03874587267637253,1.0,0.7418863773345947,0.7455098628997803,0.25701994549948587
282,0.061094801872968674,1.0,0.7429006099700928,0.7464048862457275,0.3310289696600718
283,0.04870208725333214,0.998985767364502,0.7429006099700928,0.7489110231399536,0.1989994834165104
284,0.037703804671764374,1.0,0.7474644780158997,0.7503430843353271,0.22203937860966572
285,0.037735071033239365,1.0,0.7459431886672974,0.7509994506835938,0.23181716673445713
286,0.0586949922144413,1.0,0.7459431886672974,0.7517751455307007,0.2015401109148295
287,0.06236236169934273,1.0,0.7464503049850464,0.7543409466743469,0.37716263250195464
288,0.05005741864442825,1.0,0.7464503049850464,0.7594724893569946,0.27196885971129264
289,0.041741687804460526,1.0,0.7429006099700928,0.7591145038604736,0.2894086957485955
290,0.056825194507837296,1.0,0.7342799305915833,0.7562503814697266,0.22305122527062798
291,0.03583170846104622,1.0,0.7332656979560852,0.7520138025283813,0.1115289472026686
292,0.051942046731710434,0.998985767364502,0.7332656979560852,0.7492093443870544,0.1844033983063755
293,0.05414974316954613,1.0,0.7332656979560852,0.7474789619445801,0.1977377399127384
294,0.0619458369910717,1.0,0.7393509149551392,0.7493883967399597,0.23475579836463478
295,0.036399077624082565,1.0,0.743914783000946,0.7522525191307068,0.18277355086152844
296,0.032652348279953,1.0,0.7535496950149536,0.7581597566604614,0.18103175477318023
297,0.03745095804333687,1.0,0.7540567517280579,0.7629333138465881,0.21583346703048592
298,0.04302847757935524,1.0,0.7550709843635559,0.7652007937431335,0.14143254216051668
299,0.041126228868961334,1.0,0.7530425786972046,0.7656781077384949,0.18958135753815913
300,0.030495131388306618,1.0,0.7505070567131042,0.7639477252960205,0.10635892404066002
301,0.03804761916399002,1.0,0.7469573616981506,0.7623963356018066,0.11372852327839694
302,0.031674887984991074,1.0,0.7469573616981506,0.7585774660110474,0.1596790703842342
303,0.03061610646545887,1.0,0.7444218993186951,0.7566680312156677,0.1470223248015624
304,0.05179993063211441,1.0,0.7459431886672974,0.7605465650558472,0.2337253359465047
305,0.03421223908662796,1.0,0.7520284056663513,0.7616205811500549,0.25597577036763824
306,0.02071179449558258,1.0,0.7545638680458069,0.7615609169006348,0.11090946466276287
307,0.043373893946409225,1.0,0.7479715943336487,0.7586371302604675,0.222557308970346
308,0.02513519674539566,1.0,0.7418863773345947,0.7530282139778137,0.15314935294695992
309,0.03870018944144249,1.0,0.7347869873046875,0.7484933137893677,0.22686630112594852
310,0.06005918234586716,1.0,0.7393509149551392,0.7507010698318481,0.20840801912581083
311,0.04127901792526245,1.0,0.7352941036224365,0.7530878782272339,0.21264594156404654
312,0.04753686487674713,1.0,0.7352941036224365,0.7518348097801208,0.18773379489877984
313,0.043494343757629395,1.0,0.7363082766532898,0.7507010698318481,0.2986275017081843
314,0.03302176669239998,1.0,0.7347869873046875,0.7528492212295532,0.23043425477803592
315,0.03694791719317436,1.0,0.7393509149551392,0.7530878782272339,0.17461690620720416
316,0.048180826008319855,1.0,0.7388437986373901,0.7550569772720337,0.22315644998579243
317,0.03874058648943901,1.0,0.7383366823196411,0.7571454048156738,0.1505497696031652
318,0.04136035963892937,1.0,0.7454360723495483,0.7565487027168274,0.16624433576314582
319,0.04717915877699852,1.0,0.7423934936523438,0.7582194209098816,0.19073304915520278
320,0.027600545436143875,1.0,0.7449290156364441,0.7588757872581482,0.14907600409406904
321,0.03040914796292782,1.0,0.743914783000946,0.758816123008728,0.1333689907711822
322,0.03160038962960243,1.0,0.7444218993186951,0.7568470239639282,0.23665316019405933
323,0.03730174899101257,1.0,0.743914783000946,0.7576824426651001,0.17021984484341973
324,0.03368731960654259,1.0,0.75,0.7583388090133667,0.2664593792192873
325,0.027319161221385002,1.0,0.749492883682251,0.7579210996627808,0.277448210393322
326,0.06630674004554749,1.0,0.7459431886672974,0.7564293742179871,0.29644074512499546
327,0.032654743641614914,1.0,0.7408722043037415,0.7536249160766602,0.13023285941896418
328,0.04100991412997246,1.0,0.7403650879859924,0.7534458637237549,0.2916347274827699
329,0.040889572352170944,1.0,0.7454360723495483,0.7558326721191406,0.22467441339590946
330,0.05330405384302139,1.0,0.7545638680458069,0.757205069065094,0.3106738240724779
331,0.03242179751396179,1.0,0.7555781006813049,0.7556536793708801,0.4162183968762687
332,0.04803834483027458,1.0,0.75,0.7566083669662476,0.2021613352943367
333,0.025287678465247154,1.0,0.7429006099700928,0.7542216181755066,0.10495687100142413
334,0.030241023749113083,1.0,0.7363082766532898,0.752312183380127,0.2745332771017748
335,0.028210677206516266,1.0,0.7332656979560852,0.7491496801376343,0.10944080681251812
336,0.03367851674556732,1.0,0.7327585816383362,0.7481949925422668,0.16915255810067467
337,0.047767359763383865,1.0,0.7332656979560852,0.7494480609893799,0.23985917044026642
338,0.05004091188311577,1.0,0.7469573616981506,0.7542812824249268,0.38695331746714284
339,0.03879876062273979,1.0,0.7550709843635559,0.7542812824249268,0.18934566489010288
340,0.08329430967569351,1.0,0.7555781006813049,0.7548182606697083,0.25899204166770246
341,0.03160273656249046,1.0,0.7520284056663513,0.7549973130226135,0.16249239596797252
342,0.035616111010313034,1.0,0.748985767364502,0.7558326721191406,0.11442741228520238
343,0.06427885591983795,1.0,0.743914783000946,0.7567276954650879,0.2241150871542995
344,0.04219724237918854,1.0,0.7545638680458069,0.7622172832489014,0.19767786908070356
345,0.046068381518125534,1.0,0.7545638680458069,0.7629929780960083,0.2973753993158726
346,0.049027759581804276,1.0,0.7520284056663513,0.7644847631454468,0.22146392167551351
347,0.04402398690581322,0.998985767364502,0.7530425786972046,0.762515664100647,0.24441352085215956
348,0.040373507887125015,0.998985767364502,0.749492883682251,0.7610239386558533,0.2818373007952562
349,0.04110216721892357,0.998985767364502,0.7505070567131042,0.7609045505523682,0.16331495535789198
350,0.06646682322025299,0.9979715943336487,0.7484787106513977,0.7599498629570007,0.23827171713879963
351,0.04719028249382973,0.998985767364502,0.7520284056663513,0.7609045505523682,0.3082160171365544
352,0.05421919375658035,1.0,0.7611561417579651,0.7654394507408142,0.21806047700071943
353,0.05608442798256874,1.0,0.7596348524093628,0.7644250392913818,0.14861698947290355
354,0.04297822713851929,1.0,0.7581135630607605,0.7623963356018066,0.1871705638222773
355,0.06747813522815704,1.0,0.75,0.7607255578041077,0.26044864497396664
356,0.03259323164820671,1.0,0.7515212893486023,0.7624559998512268,0.20468883797170087
357,0.044744305312633514,1.0,0.7515212893486023,0.7622172832489014,0.17839257708892672
358,0.044562309980392456,1.0,0.75,0.762515664100647,0.1875205969616503
359,0.03498823940753937,1.0,0.7510141730308533,0.7623963356018066,0.14665530922175682
360,0.03453129902482033,1.0,0.7479715943336487,0.762873649597168,0.16529848806022782
361,0.07101026922464371,1.0,0.7474644780158997,0.7615012526512146,0.2328446983090064
362,0.04580052196979523,1.0,0.7459431886672974,0.7631720304489136,0.22618025759520283
363,0.042441271245479584,1.0,0.749492883682251,0.7637686729431152,0.18480521683168263
364,0.046989843249320984,1.0,0.7530425786972046,0.7647234201431274,0.15550698756237916
365,0.039527397602796555,1.0,0.7520284056663513,0.7638880610466003,0.2287441176520101
366,0.05255395546555519,1.0,0.7510141730308533,0.7629929780960083,0.2099255781649073
367,0.054004885256290436,1.0,0.7555781006813049,0.7646637558937073,0.24970661041307
368,0.03241535276174545,1.0,0.7601419687271118,0.768661618232727,0.1304390678166178
369,0.03000764176249504,1.0,0.7611561417579651,0.769437313079834,0.08477644225861548
370,0.03048001602292061,1.0,0.7591277956962585,0.7696759700775146,0.13281849449368374
371,0.04393087700009346,1.0,0.7581135630607605,0.7681245803833008,0.1772663258578827
372,0.04468262195587158,1.0,0.7560851573944092,0.7684825658798218,0.3153211544317128
373,0.034471482038497925,1.0,0.7535496950149536,0.7674682140350342,0.23253716527970195
374,0.04062926769256592,1.0,0.7535496950149536,0.7634106874465942,0.25683369139513895
375,0.029372619464993477,1.0,0.7550709843635559,0.7622769474983215,0.20806831346054852
376,0.026473039761185646,1.0,0.7520284056663513,0.7615609169006348,0.13703422125390272
377,0.031145889312028885,1.0,0.7525354623794556,0.7615012526512146,0.16854335198489476
378,0.02729620598256588,1.0,0.7469573616981506,0.7574437260627747,0.12359529146116052
379,0.043913573026657104,1.0,0.748985767364502,0.7565487027168274,0.18463797102543375
380,0.03753215819597244,1.0,0.749492883682251,0.7585774660110474,0.23980367589286483
381,0.038788437843322754,1.0,0.7464503049850464,0.7581000924110413,0.18680540782593014
382,0.04230500012636185,1.0,0.7479715943336487,0.7557133436203003,0.37417781025469293
383,0.029443830251693726,1.0,0.743914783000946,0.7554746270179749,0.25943265756248807
384,0.029217153787612915,1.0,0.748985767364502,0.7566083669662476,0.1003283581221993
385,0.033875223249197006,1.0,0.7525354623794556,0.7605465650558472,0.32293949299619695
386,0.03200750797986984,1.0,0.7525354623794556,0.764126718044281,0.26390204455162725
387,0.03887534886598587,1.0,0.7586206793785095,0.7643653750419617,0.20506205157020888
388,0.032262932509183884,1.0,0.7606490850448608,0.7663941383361816,0.23433242117784062
389,0.0374794602394104,1.0,0.7606490850448608,0.7669311761856079,0.22588477915314992
390,0.03503498435020447,1.0,0.7565922737121582,0.7647234201431274,0.17538320878752187
391,0.03425442799925804,1.0,0.7510141730308533,0.762515664100647,0.2080804104530314
392,0.04404088854789734,1.0,0.7535496950149536,0.7619786262512207,0.2111686929579986
393,0.039534781128168106,1.0,0.7545638680458069,0.7648427486419678,0.26749174475634746
394,0.04837064445018768,1.0,0.7570993900299072,0.7645444273948669,0.19658044046448767
395,0.03225294128060341,1.0,0.7606490850448608,0.7652604579925537,0.3884228252098421
396,0.05324389412999153,0.998985767364502,0.7576064467430115,0.7675278782844543,0.31459945476568724
397,0.038382600992918015,0.998985767364502,0.7540567517280579,0.7687212824821472,0.18952432675989028
398,0.02815539762377739,1.0,0.7540567517280579,0.7679455876350403,0.2910278936187703
399,0.03940623253583908,1.0,0.7469573616981506,0.7656184434890747,0.3038029249064257
400,0.05778660625219345,1.0,0.7520284056663513,0.7671101689338684,0.30468801345684876
401,0.03082570806145668,1.0,0.7576064467430115,0.7678261995315552,0.11315368068784959
402,0.039124906063079834,1.0,0.7606490850448608,0.7662748098373413,0.22194204091158065
403,0.04303530976176262,1.0,0.7611561417579651,0.7666925191879272,0.16134624706063463
404,0.04499546065926552,1.0,0.7616632580757141,0.7658571600914001,0.15880783709444796
405,0.05550511181354523,1.0,0.7570993900299072,0.7670505046844482,0.3265724025614003
406,0.02947229892015457,1.0,0.7591277956962585,0.7683632373809814,0.17914269051639606
407,0.04434095695614815,1.0,0.7565922737121582,0.7670505046844482,0.3078056446956959
408,0.02873694710433483,1.0,0.7586206793785095,0.7656184434890747,0.1876129441460893
409,0.04568939656019211,1.0,0.7611561417579651,0.7636493444442749,0.22499904962827652
410,0.04275663197040558,1.0,0.7601419687271118,0.7629333138465881,0.27638699371786746
411,0.04850958287715912,1.0,0.7581135630607605,0.76173996925354,0.21432632327526882
412,0.046388253569602966,1.0,0.7545638680458069,0.7578614354133606,0.1556374015833135
413,0.07288192212581635,1.0,0.7540567517280579,0.7601885199546814,0.25045938890450925
414,0.05311043933033943,1.0,0.7586206793785095,0.7616802453994751,0.21242570775767633
415,0.05453181639313698,1.0,0.7540567517280579,0.7635896801948547,0.23688331958610423
416,0.04505002498626709,1.0,0.7581135630607605,0.7644847631454468,0.22557820629355438
417,0.037954896688461304,1.0,0.7586206793785095,0.7645444273948669,0.1652950492777192
418,0.03612390533089638,1.0,0.7626774907112122,0.7621576189994812,0.21638838123864718
419,0.058864060789346695,1.0,0.7626774907112122,0.7629929780960083,0.29792475084554165
420,0.039487455040216446,1.0,0.7611561417579651,0.7614415884017944,0.22865064328724738
421,0.048169177025556564,1.0,0.7555781006813049,0.7622769474983215,0.1745126346607834
422,0.046226292848587036,1.0,0.7535496950149536,0.7594724893569946,0.23589533804572577
423,0.05104949325323105,1.0,0.7520284056663513,0.7565487027168274,0.257436785902994
424,0.05967705324292183,1.0,0.7474644780158997,0.7581597566604614,0.22211842411058536
425,0.040176693350076675,0.998985767364502,0.7510141730308533,0.758458137512207,0.15194304404634654
426,0.06899212300777435,0.998985767364502,0.7505070567131042,0.7604272365570068,0.25574523336223737
427,0.047660455107688904,0.998985767364502,0.7560851573944092,0.762097954750061,0.21534129245411696
428,0.04369081184267998,0.998985767364502,0.7545638680458069,0.7616802453994751,0.35964152976747027
429,0.0475507490336895,0.998985767364502,0.7550709843635559,0.7650814056396484,0.27527699949208767
430,0.049830563366413116,1.0,0.7515212893486023,0.7638283967971802,0.26469626811835484
431,0.05443720147013664,1.0,0.7510141730308533,0.7630526423454285,0.1809228796657096
432,0.06651891767978668,0.998985767364502,0.7510141730308533,0.7660958170890808,0.23123723580847008
433,0.06553583592176437,0.998985767364502,0.7550709843635559,0.7687809467315674,0.24379469493420988
434,0.03613036125898361,1.0,0.7530425786972046,0.7675875425338745,0.248712164483802
435,0.049351781606674194,1.0,0.7515212893486023,0.7667521834373474,0.2465470066298014
436,0.04722261056303978,1.0,0.749492883682251,0.7629333138465881,0.3753439710685467
437,0.03973373398184776,1.0,0.748985767364502,0.7607255578041077,0.17708432089775275
438,0.03930753096938133,1.0,0.7525354623794556,0.7603675723075867,0.20338090736756623
439,0.04065124690532684,1.0,0.7525354623794556,0.760486900806427,0.28277191290861475
440,0.0484020933508873,1.0,0.7570993900299072,0.7611432671546936,0.3458129012231198
441,0.04328346624970436,1.0,0.7550709843635559,0.7615609169006348,0.13569424453394627
442,0.0436849445104599,1.0,0.7596348524093628,0.7629333138465881,0.29293042887224785
443,0.04758068174123764,1.0,0.7555781006813049,0.7631123661994934,0.31640862735149605
444,0.03323403000831604,1.0,0.7515212893486023,0.7621576189994812,0.13229995782731718
445,0.05006708949804306,1.0,0.7510141730308533,0.762515664100647,0.29693583215123964
446,0.05650710314512253,1.0,0.748985767364502,0.7597708702087402,0.2000328228109773
447,0.02869679592549801,1.0,0.7535496950149536,0.7582194209098816,0.24915880905277524
448,0.04727689176797867,1.0,0.7530425786972046,0.7601288557052612,0.22506203747079867
449,0.046553656458854675,1.0,0.7530425786972046,0.7602481842041016,0.17725102770263684
450,0.03526001423597336,1.0,0.7535496950149536,0.760844886302948,0.2612539914021238
451,0.04945530742406845,1.0,0.7505070567131042,0.7589951753616333,0.22968856648259076
452,0.07468276470899582,1.0,0.7505070567131042,0.762515664100647,0.47709440311329815
453,0.049821533262729645,1.0,0.7484787106513977,0.7637686729431152,0.31792575821415076
454,0.05618717521429062,1.0,0.7570993900299072,0.7655587792396545,0.2852615146567918
455,0.0674741193652153,1.0,0.7611561417579651,0.7678858637809753,0.38072160004945793
456,0.04967309162020683,1.0,0.7576064467430115,0.7683035731315613,0.2971919345770473
457,0.04692312330007553,1.0,0.7611561417579651,0.7654991149902344,0.23782696818374527
458,0.06511333584785461,1.0,0.7576064467430115,0.7643057107925415,0.24641186029937034
459,0.05271393805742264,1.0,0.7560851573944092,0.7649620771408081,0.17581896999134264
460,0.0608992725610733,1.0,0.748985767364502,0.7619189620018005,0.2151540537148877
461,0.0457768552005291,1.0,0.7535496950149536,0.76173996925354,0.20873767439645968
462,0.052326589822769165,1.0,0.7581135630607605,0.7644847631454468,0.20347390785754257
463,0.04376140609383583,1.0,0.7662271857261658,0.7659764885902405,0.13038665190821025
464,0.04812677577137947,1.0,0.7702839374542236,0.769019603729248,0.17329349788646217
465,0.0719030499458313,1.0,0.76673424243927,0.771048367023468,0.40598286427429314
466,0.05103819817304611,1.0,0.7611561417579651,0.769019603729248,0.2526453130490068
467,0.04564819857478142,1.0,0.7611561417579651,0.7678261995315552,0.15172812509706204
468,0.044143274426460266,1.0,0.7631845474243164,0.7676472067832947,0.16817027552954603
469,0.02972567267715931,1.0,0.7626774907112122,0.769795298576355,0.1241760065819918
470,0.046646848320961,1.0,0.7631845474243164,0.7703920006752014,0.2553093661466077
471,0.03744838759303093,1.0,0.7647058367729187,0.7691985964775085,0.248704704545705
472,0.03939203917980194,1.0,0.7652129530906677,0.7698549628257751,0.17379283640886065
473,0.03336294740438461,1.0,0.7626774907112122,0.7690792679786682,0.2267092520021075
474,0.04607129469513893,1.0,0.7570993900299072,0.7689002752304077,0.21836860649207906
475,0.05229554697871208,1.0,0.7576064467430115,0.7678261995315552,0.14158139109556797
476,0.0346832312643528,1.0,0.7581135630607605,0.7665731906890869,0.17082339326175058
477,0.05442693829536438,1.0,0.7570993900299072,0.7678858637809753,0.271421071842055
478,0.04638958349823952,1.0,0.7626774907112122,0.7678261995315552,0.2237338162939326
479,0.040723517537117004,1.0,0.7606490850448608,0.7660361528396606,0.20699550664194002
480,0.033592842519283295,1.0,0.7581135630607605,0.7639477252960205,0.12599598177185692
481,0.054315876215696335,1.0,0.7626774907112122,0.7651410698890686,0.23422365959439603
482,0.03764686733484268,1.0,0.7570993900299072,0.7619189620018005,0.2692654205504728
483,0.027912182733416557,1.0,0.7525354623794556,0.760844886302948,0.10989998268155855
484,0.03942415490746498,1.0,0.7520284056663513,0.7603078484535217,0.1297751624440942
485,0.02922934852540493,1.0,0.7515212893486023,0.7585178017616272,0.1439197004278257
486,0.04607485979795456,1.0,0.7540567517280579,0.7598305344581604,0.39502285647612206
487,0.03226049616932869,1.0,0.7474644780158997,0.7612029314041138,0.32150137595070627
488,0.03898642212152481,1.0,0.748985767364502,0.7631123661994934,0.2453166936195565
489,0.03069802187383175,1.0,0.75,0.7653201222419739,0.20225470402358692
490,0.06359010934829712,1.0,0.7560851573944092,0.7662748098373413,0.2451573832441787
491,0.049718357622623444,1.0,0.7606490850448608,0.7688406109809875,0.15509035848507796
492,0.05235603079199791,1.0,0.7586206793785095,0.769795298576355,0.1457789789046935
493,0.037325937300920486,1.0,0.7626774907112122,0.7705709934234619,0.17744172890496265
494,0.040642231702804565,1.0,0.7626774907112122,0.7715257406234741,0.23710502491683885
495,0.050293099135160446,1.0,0.7626774907112122,0.7711676955223083,0.3445486288067131
496,0.04372631385922432,1.0,0.76673424243927,0.7743898630142212,0.28601880446703365
497,0.03877447545528412,1.0,0.76673424243927,0.7731367945671082,0.17263180624015007
498,0.03312128409743309,1.0,0.7636916637420654,0.7693179845809937,0.19113655262244547
499,0.03329192101955414,1.0,0.7596348524093628,0.7676472067832947,0.17292117209148936
500,0.04615902155637741,1.0,0.7545638680458069,0.7624559998512268,0.2096863051565221
501,0.04193376377224922,1.0,0.7525354623794556,0.7609642148017883,0.20549571449179455
502,0.033446237444877625,1.0,0.7581135630607605,0.7654991149902344,0.2068862728908126
503,0.04184288531541824,1.0,0.7626774907112122,0.7678858637809753,0.16897107240437526
504,0.07723134756088257,1.0,0.7606490850448608,0.7700936794281006,0.2817891197609399
505,0.03768279030919075,1.0,0.7555781006813049,0.7711676955223083,0.24217469748748374
506,0.05328761413693428,1.0,0.7560851573944092,0.7699146270751953,0.25589861112124973
507,0.04323954880237579,1.0,0.7601419687271118,0.7690792679786682,0.1630676693653064
508,0.03686539828777313,1.0,0.7581135630607605,0.768184244632721,0.13124394876581022
509,0.05033319815993309,1.0,0.7576064467430115,0.7680052518844604,0.15184075069649042
510,0.029751064255833626,1.0,0.7565922737121582,0.7693776488304138,0.15678599852239908
511,0.03547658398747444,1.0,0.7530425786972046,0.7693179845809937,0.19803706729250733
512,0.0404156893491745,1.0,0.7540567517280579,0.7692582607269287,0.2573448082751206
513,0.04064391925930977,1.0,0.7555781006813049,0.7680649161338806,0.13241866212357287
514,0.04064691811800003,1.0,0.7586206793785095,0.7704516649246216,0.23157619243610342
515,0.046142011880874634,1.0,0.7606490850448608,0.7715854048728943,0.138340154707178
516,0.030600769445300102,1.0,0.7601419687271118,0.7711080312728882,0.15767711027304568
517,0.03995317593216896,1.0,0.7606490850448608,0.7699146270751953,0.19221379850121287
518,0.03656452149152756,1.0,0.7631845474243164,0.7683632373809814,0.2098489490761936
519,0.03806445002555847,0.998985767364502,0.7560851573944092,0.7647830843925476,0.24687884212849562
520,0.050947219133377075,0.998985767364502,0.7550709843635559,0.7649024128913879,0.3212997666461608
521,0.0397883839905262,1.0,0.7535496950149536,0.7681245803833008,0.2475718506690691
522,0.03799097239971161,1.0,0.7545638680458069,0.7722417712211609,0.19120216635057027
523,0.02868795581161976,1.0,0.7596348524093628,0.7733157873153687,0.15796021556426848
524,0.031302906572818756,1.0,0.7621703743934631,0.772719144821167,0.13705510765891463
525,0.031139330938458443,1.0,0.7616632580757141,0.7717047333717346,0.20072234420379337
526,0.04321062192320824,1.0,0.7570993900299072,0.7717643976211548,0.14519551973683495
527,0.03798675164580345,1.0,0.7601419687271118,0.7713467478752136,0.16122634575996897
528,0.04664238169789314,1.0,0.7596348524093628,0.7712870240211487,0.20353161488874996
529,0.025668680667877197,1.0,0.7586206793785095,0.7709887027740479,0.22204054719729066
530,0.03613758459687233,1.0,0.7611561417579651,0.7708693742752075,0.16779999972042164
531,0.044333163648843765,1.0,0.7601419687271118,0.7738528251647949,0.1775287313161649
532,0.05375843867659569,1.0,0.7631845474243164,0.7745688557624817,0.2446579271053739
533,0.04385223239660263,1.0,0.7621703743934631,0.7737931609153748,0.24158315848522469
534,0.05521537363529205,1.0,0.7601419687271118,0.7713467478752136,0.1705555505166982
535,0.03491785749793053,1.0,0.7515212893486023,0.7703920006752014,0.15033708658652076
536,0.03711188584566116,1.0,0.748985767364502,0.7696163058280945,0.2443947706605179
537,0.05251613259315491,1.0,0.7474644780158997,0.768184244632721,0.15214504449313218
538,0.04198860377073288,1.0,0.7525354623794556,0.7677068710327148,0.1632696342624915
539,0.03413805738091469,1.0,0.7505070567131042,0.7662748098373413,0.2210114714363268
540,0.029281124472618103,1.0,0.7474644780158997,0.7643057107925415,0.2866376577874083
541,0.043017782270908356,1.0,0.7479715943336487,0.7629929780960083,0.11989891485178003
542,0.0417138896882534,1.0,0.7535496950149536,0.7640073895454407,0.2689820936620288
543,0.0408698245882988,1.0,0.7576064467430115,0.766513466835022,0.3332773363137216
544,0.030380962416529655,1.0,0.7606490850448608,0.7649620771408081,0.3168522666404567
545,0.03905772417783737,1.0,0.7631845474243164,0.7635300159454346,0.21732961977521786
546,0.0504889190196991,1.0,0.7570993900299072,0.7626349925994873,0.2386272512565734
547,0.04886851832270622,1.0,0.7545638680458069,0.7601288557052612,0.2572933109135378
548,0.03245635703206062,1.0,0.75,0.753923237323761,0.17022536835758645
549,0.0638105496764183,1.0,0.7479715943336487,0.7541619539260864,0.468720436710362
550,0.07598880678415298,1.0,0.7570993900299072,0.7613222599029541,0.35059346519841406
551,0.03539738431572914,1.0,0.7652129530906677,0.7620382905006409,0.2068631457808081
552,0.03727485239505768,1.0,0.7581135630607605,0.7570857405662537,0.14338746263046045
553,0.0629267767071724,0.998985767364502,0.7596348524093628,0.7622769474983215,0.2704564590578929
554,0.06441676616668701,0.998985767364502,0.7540567517280579,0.7652604579925537,0.23725788056708827
555,0.03452097252011299,1.0,0.7530425786972046,0.7647830843925476,0.16283127642988768
556,0.044756438583135605,1.0,0.7444218993186951,0.7600691914558411,0.27262066048969413
557,0.04154503345489502,1.0,0.7429006099700928,0.758816123008728,0.21490884263516566
558,0.04796457290649414,1.0,0.743407666683197,0.7619786262512207,0.21941748114562867
559,0.043907079845666885,1.0,0.7444218993186951,0.7671101689338684,0.3019264013947397
560,0.04731328412890434,1.0,0.7479715943336487,0.7694969773292542,0.264830695771674
561,0.03759259730577469,1.0,0.7505070567131042,0.7687212824821472,0.11824962383906282
562,0.037884362041950226,1.0,0.7545638680458069,0.768184244632721,0.23507140184332295
563,0.030185678973793983,1.0,0.7505070567131042,0.7666925191879272,0.09828162238614663
564,0.031234564259648323,1.0,0.748985767364502,0.7647830843925476,0.07550054336855175
565,0.033012814819812775,1.0,0.75,0.7629929780960083,0.15560872592368238
566,0.04950790852308273,1.0,0.75,0.762097954750061,0.21603901742090015
567,0.03794153407216072,1.0,0.7423934936523438,0.762097954750061,0.15035695681704886
568,0.05678224563598633,1.0,0.7449290156364441,0.7615609169006348,0.20730090904348702
569,0.03678586706519127,1.0,0.75,0.7645444273948669,0.16020225775054525
570,0.050338659435510635,1.0,0.7560851573944092,0.7638283967971802,0.26714690713343625
571,0.05123726651072502,1.0,0.7510141730308533,0.7638283967971802,0.22177712884824632
572,0.03685588762164116,1.0,0.75,0.7647830843925476,0.1523599315031953
573,0.04055919125676155,1.0,0.7530425786972046,0.7644250392913818,0.18665770712071658
574,0.026310361921787262,1.0,0.7545638680458069,0.7679455876350403,0.1337345904131053
575,0.035663384944200516,1.0,0.7570993900299072,0.7721821069717407,0.12265940204390449
576,0.024990586563944817,1.0,0.7616632580757141,0.7748672366142273,0.1183549022986209
577,0.03954256325960159,1.0,0.7631845474243164,0.7761202454566956,0.326630343254654
578,0.03124314360320568,1.0,0.7647058367729187,0.7771943211555481,0.16462000298602653
579,0.04478876292705536,1.0,0.7662271857261658,0.7788650393486023,0.2518809028780552
580,0.024403132498264313,1.0,0.7616632580757141,0.7770749926567078,0.1254295126305381
581,0.051206253468990326,1.0,0.7621703743934631,0.774330198764801,0.22363017152000422
582,0.04897149279713631,1.0,0.7565922737121582,0.7714064121246338,0.16140857340221387
583,0.057575684040784836,1.0,0.7636916637420654,0.7722417712211609,0.20580074112056143
584,0.033460427075624466,1.0,0.7626774907112122,0.7723610997200012,0.19818549107201222
585,0.040681857615709305,1.0,0.7687626481056213,0.7756429314613342,0.2106411546200473
586,0.04136352613568306,1.0,0.7712981700897217,0.7775523662567139,0.18553576003802721
587,0.03717806190252304,1.0,0.7636916637420654,0.776358962059021,0.18733904169816346
588,0.04719720780849457,1.0,0.7692697644233704,0.774330198764801,0.1804148254395713
589,0.0452377125620842,1.0,0.7682555317878723,0.7715854048728943,0.1844574474238085
590,0.03703898563981056,1.0,0.7616632580757141,0.7683632373809814,0.20273624175090418
591,0.03911781683564186,1.0,0.7631845474243164,0.7662748098373413,0.15983583794005027
592,0.041956692934036255,1.0,0.7586206793785095,0.7674682140350342,0.1596424349154312
593,0.049294885247945786,1.0,0.7586206793785095,0.7671698331832886,0.21706107539047187
594,0.03927713632583618,1.0,0.7626774907112122,0.7691389322280884,0.16827634244906006
595,0.030642151832580566,1.0,0.7611561417579651,0.7693179845809937,0.21553814718774433
596,0.028422335162758827,1.0,0.7636916637420654,0.7686019539833069,0.1815020821957638
597,0.03268387168645859,1.0,0.7631845474243164,0.7688406109809875,0.08118306910524495
598,0.032443396747112274,1.0,0.7586206793785095,0.7676472067832947,0.21351171306057654
599,0.024043086916208267,1.0,0.7596348524093628,0.7647830843925476,0.14574806244573088
600,0.04775158688426018,1.0,0.7576064467430115,0.7622769474983215,0.18312874879964558
601,0.03880885988473892,1.0,0.7540567517280579,0.7625753283500671,0.13839093630534127
602,0.03305593132972717,1.0,0.7520284056663513,0.7595321536064148,0.19317238066981685
603,0.060729142278432846,1.0,0.7565922737121582,0.7607255578041077,0.3183169166350645
604,0.041697729378938675,1.0,0.7560851573944092,0.7610239386558533,0.3518601144230702
605,0.04085217043757439,1.0,0.7555781006813049,0.7575033903121948,0.2259748417543597
606,0.03276481479406357,1.0,0.7449290156364441,0.7533265352249146,0.3293635982762096
607,0.06277883052825928,1.0,0.7449290156364441,0.7509397864341736,0.21615407562131075
608,0.054602138698101044,1.0,0.743407666683197,0.7535055875778198,0.1660228860510727
609,0.05601023882627487,1.0,0.7444218993186951,0.7541022300720215,0.2743412867212663
610,0.03801458701491356,1.0,0.7449290156364441,0.7538039088249207,0.32566910960694956
611,0.047220125794410706,1.0,0.7454360723495483,0.7529685497283936,0.1756994820346627
612,0.061480455100536346,1.0,0.7408722043037415,0.7547585964202881,0.28991367187610384
613,0.034353043884038925,1.0,0.7413793206214905,0.7582791447639465,0.2382726806744104
614,0.036658428609371185,1.0,0.743914783000946,0.7619189620018005,0.1289173002984278
615,0.036512330174446106,1.0,0.7469573616981506,0.7645444273948669,0.15814962583305556
616,0.039752047508955,1.0,0.7525354623794556,0.7654991149902344,0.15971382797829314
617,0.039529334753751755,1.0,0.7530425786972046,0.7712273597717285,0.2591343413651771
618,0.03292427211999893,1.0,0.7555781006813049,0.7725400924682617,0.183088362043715
619,0.045112114399671555,1.0,0.7581135630607605,0.7719433903694153,0.2880659199358246
620,0.03935500606894493,1.0,0.7540567517280579,0.7686019539833069,0.12234302142689961
621,0.039192769676446915,1.0,0.7505070567131042,0.7654991149902344,0.1817295458624844
622,0.045703113079071045,1.0,0.7520284056663513,0.7650217413902283,0.31716098969396583
623,0.03203507140278816,1.0,0.7545638680458069,0.7645444273948669,0.2513341703267138
624,0.051311276853084564,1.0,0.7570993900299072,0.7678858637809753,0.23797583883839932
625,0.04247261583805084,1.0,0.7611561417579651,0.7680649161338806,0.27929923362797965
626,0.04895682632923126,1.0,0.7641987800598145,0.7675875425338745,0.3361786670916759
627,0.03297068551182747,1.0,0.7626774907112122,0.7657974362373352,0.26320905968064395
628,0.04763643816113472,1.0,0.7631845474243164,0.7650814056396484,0.2774837168756512
629,0.05075554922223091,1.0,0.7586206793785095,0.7656184434890747,0.44834344984449737
630,0.04506910219788551,1.0,0.7596348524093628,0.7673488855361938,0.28052890801167923
631,0.02543563023209572,1.0,0.7540567517280579,0.7677068710327148,0.1675520191411741
632,0.03890770673751831,1.0,0.7550709843635559,0.765737771987915,0.24895651172707967
633,0.07656706124544144,0.998985767364502,0.7570993900299072,0.7638283967971802,0.21871146476412134
634,0.05586279183626175,0.998985767364502,0.7515212893486023,0.7610836029052734,0.2663551010329958
635,0.04267418384552002,0.998985767364502,0.7545638680458069,0.7598305344581604,0.20569572662595348
636,0.06001811847090721,0.998985767364502,0.7576064467430115,0.762515664100647,0.2890545275045533
637,0.04232526570558548,0.998985767364502,0.7591277956962585,0.7660361528396606,0.2663088744187475
638,0.0419103279709816,0.998985767364502,0.7616632580757141,0.7675278782844543,0.19294590170385828
639,0.034388165920972824,0.998985767364502,0.7591277956962585,0.769437313079834,0.20371072264174053
640,0.03681037575006485,0.998985767364502,0.7586206793785095,0.7700936794281006,0.215649869818529
641,0.04954128712415695,0.998985767364502,0.7565922737121582,0.7698549628257751,0.20312665719670797
642,0.04121818765997887,1.0,0.7576064467430115,0.771824061870575,0.3561458020313847
643,0.04959486424922943,1.0,0.7596348524093628,0.7712870240211487,0.19573462450654394
644,0.04075734689831734,1.0,0.7621703743934631,0.7724804282188416,0.20890502895439267
645,0.041422273963689804,1.0,0.7596348524093628,0.7724804282188416,0.21124669429557455
646,0.04933754727244377,1.0,0.7621703743934631,0.7694969773292542,0.42012178357236024
647,0.03248305991292,0.998985767364502,0.7565922737121582,0.7685422301292419,0.18387991080773441
648,0.05998804047703743,0.998985767364502,0.7606490850448608,0.7680052518844604,0.30398994213183794
649,0.04515590891242027,0.998985767364502,0.7641987800598145,0.7706306576728821,0.16969413911724923
650,0.03999628871679306,1.0,0.773326575756073,0.7749269008636475,0.2914816454723343
651,0.06170003116130829,1.0,0.7748478651046753,0.7764782905578613,0.29866309225925103
652,0.062352899461984634,1.0,0.7768762707710266,0.7755832672119141,0.31571469303821537
653,0.043203048408031464,1.0,0.7763691544532776,0.7760605812072754,0.21412987978523496
654,0.03430366888642311,1.0,0.7789046764373779,0.7750462293624878,0.20229412614326991
655,0.05646776407957077,1.0,0.7718052268028259,0.7745091915130615,0.24758999334197365
656,0.053906917572021484,1.0,0.7743407487869263,0.7739124894142151,0.28283247012452584
657,0.045482806861400604,1.0,0.7773833274841309,0.7757622599601746,0.20519507250127234
658,0.04149400815367699,0.998985767364502,0.7738336324691772,0.7743898630142212,0.15658881144351242
659,0.06455648690462112,0.998985767364502,0.7718052268028259,0.7732561230659485,0.2582467587752204
660,0.04760586842894554,0.998985767364502,0.7697768807411194,0.7696759700775146,0.317980580460782
661,0.05207625404000282,1.0,0.7712981700897217,0.7689002752304077,0.18579578527790908
662,0.04569782316684723,1.0,0.7682555317878723,0.7683035731315613,0.23937522534508401
663,0.053454671055078506,1.0,0.7662271857261658,0.7695566415786743,0.2715719475764779
664,0.04170504957437515,1.0,0.7712981700897217,0.770690381526947,0.28367492152821316
665,0.06102467328310013,1.0,0.7718052268028259,0.7761202454566956,0.3273391342541215
666,0.042957741767168045,1.0,0.7707910537719727,0.7770749926567078,0.16092805265315102
667,0.04041333496570587,1.0,0.772819459438324,0.7757622599601746,0.1258406374063176
668,0.04775069281458855,0.998985767364502,0.7712981700897217,0.770690381526947,0.18471233811705554
669,0.04543948918581009,0.998985767364502,0.773326575756073,0.7713467478752136,0.22179519488155267
670,0.041397713124752045,0.998985767364502,0.773326575756073,0.7723610997200012,0.2799523030981317
671,0.06827019155025482,1.0,0.7687626481056213,0.7738528251647949,0.30954137618627214
672,0.03948400914669037,1.0,0.7677484750747681,0.7754639387130737,0.13278256480695091
673,0.04587874561548233,1.0,0.7702839374542236,0.7769556641578674,0.4383049178166621
674,0.04686519503593445,1.0,0.767241358757019,0.7771943211555481,0.2537699676135087
675,0.049426767975091934,1.0,0.7682555317878723,0.7780893445014954,0.23940792047793738
676,0.038965169340372086,1.0,0.7702839374542236,0.7785070538520813,0.17759070851447464
677,0.04697126895189285,1.0,0.7707910537719727,0.7789844274520874,0.1732168351540608
678,0.058682095259428024,1.0,0.7738336324691772,0.7804164886474609,0.17043894025799394
679,0.056935716420412064,1.0,0.772312343120575,0.7797601222991943,0.2410710192325968
680,0.039767369627952576,1.0,0.7631845474243164,0.774688184261322,0.25065476095647654
681,0.05279776081442833,1.0,0.7611561417579651,0.7705709934234619,0.2216870685639535
682,0.04752923175692558,1.0,0.7657200694084167,0.7709887027740479,0.17474551519237927
683,0.05984126403927803,1.0,0.7702839374542236,0.7748672366142273,0.2627253040626637
684,0.03519333153963089,1.0,0.76673424243927,0.7768363356590271,0.14833856064878825
685,0.05086739361286163,1.0,0.7702839374542236,0.7798197865486145,0.18664679063339096
686,0.043495289981365204,1.0,0.7692697644233704,0.779640793800354,0.1848769359278449
687,0.03734685853123665,1.0,0.7636916637420654,0.7786860466003418,0.13281488183613657
688,0.035352762788534164,1.0,0.7692697644233704,0.7783280611038208,0.11916222614527534
689,0.031101970002055168,1.0,0.7697768807411194,0.7781490087509155,0.090963276182035
690,0.038705065846443176,1.0,0.7677484750747681,0.7788053750991821,0.18692400924713148
691,0.035002339631319046,1.0,0.7692697644233704,0.7795214056968689,0.1833737991197418
692,0.03974451497197151,1.0,0.7657200694084167,0.779640793800354,0.16022652677156332
693,0.022882942110300064,1.0,0.7641987800598145,0.7782683968544006,0.2485811159267687
694,0.03406500443816185,1.0,0.7626774907112122,0.7761799693107605,0.20094803724057642
695,0.035487767308950424,1.0,0.7641987800598145,0.7736738324165344,0.21627002327635658
696,0.042600229382514954,1.0,0.7652129530906677,0.7753445506095886,0.19409365558448347
697,0.04807901009917259,1.0,0.7652129530906677,0.7775523662567139,0.19669556238798888
698,0.031036294996738434,1.0,0.7718052268028259,0.7768959999084473,0.1834918616624856
699,0.03688639774918556,1.0,0.7692697644233704,0.7768959999084473,0.24050680039909522
700,0.03203459084033966,1.0,0.7687626481056213,0.778745710849762,0.1599093768313355
701,0.03356964513659477,1.0,0.7616632580757141,0.7782683968544006,0.23422685604588894
702,0.034524042159318924,1.0,0.7641987800598145,0.7729578018188477,0.19702613116287498
703,0.035447392612695694,1.0,0.7636916637420654,0.771466076374054,0.10675538182459568
704,0.05687675252556801,1.0,0.7621703743934631,0.7709290385246277,0.2824640979632074
705,0.027793385088443756,1.0,0.7662271857261658,0.7725997567176819,0.15666269462134896
706,0.042433470487594604,1.0,0.7707910537719727,0.7774329781532288,0.24290991113983884
707,0.029965940862894058,1.0,0.772312343120575,0.7783280611038208,0.17981687111113895
708,0.03837156668305397,1.0,0.7702839374542236,0.7764782905578613,0.2612884817690103
709,0.04037979990243912,1.0,0.7687626481056213,0.7770749926567078,0.17914833889405352
710,0.04446842148900032,1.0,0.767241358757019,0.775105893611908,0.30006189824418583
711,0.03810299187898636,1.0,0.7586206793785095,0.7740915417671204,0.31190446979069714
712,0.030360275879502296,1.0,0.7586206793785095,0.7724804282188416,0.20077443183439272
713,0.04078500717878342,1.0,0.7631845474243164,0.7734948396682739,0.17891706541336244
714,0.06708631664514542,1.0,0.7647058367729187,0.7721821069717407,0.2816991320121712
715,0.018767980858683586,1.0,0.7697768807411194,0.7723610997200012,0.14318003331311818
716,0.029435815289616585,1.0,0.7748478651046753,0.7721224427223206,0.14129090613918738
717,0.028512386605143547,1.0,0.7697768807411194,0.7712273597717285,0.12402958621791134
718,0.04928792268037796,1.0,0.7712981700897217,0.7724207639694214,0.26393116312359494
719,0.035228181630373,1.0,0.7687626481056213,0.7712273597717285,0.2532509381664045
720,0.044617295265197754,1.0,0.7677484750747681,0.7701533436775208,0.2617327957346388
721,0.04367676004767418,1.0,0.7647058367729187,0.7669311761856079,0.23729000066246592
722,0.035060156136751175,1.0,0.7631845474243164,0.7635300159454346,0.22496871554835213
723,0.0354168564081192,1.0,0.7636916637420654,0.76173996925354,0.11878896615353307
724,0.052748095244169235,1.0,0.7697768807411194,0.7691389322280884,0.21912032058944006
725,0.04042362794280052,1.0,0.7697768807411194,0.775105893611908,0.15706228735628056
726,0.04775916039943695,1.0,0.7692697644233704,0.7733754515647888,0.19615324564661696
727,0.0410296767950058,1.0,0.7702839374542236,0.774330198764801,0.21791503599028028
728,0.06233252212405205,1.0,0.767241358757019,0.7736738324165344,0.21807847130941105
729,0.04991966858506203,1.0,0.7662271857261658,0.7711676955223083,0.2587745103935671
730,0.0350433886051178,1.0,0.7626774907112122,0.7678261995315552,0.22390074232057447
731,0.03503767028450966,1.0,0.7636916637420654,0.7659764885902405,0.2472604226806895
732,0.038604412227869034,1.0,0.7576064467430115,0.7674682140350342,0.19082730833885178
733,0.031754422932863235,1.0,0.7611561417579651,0.7679455876350403,0.11874103945204066
734,0.030372055247426033,1.0,0.7636916637420654,0.7681245803833008,0.1770693913141464
735,0.04058639705181122,1.0,0.7631845474243164,0.7692582607269287,0.20562908682137604
736,0.034068454056978226,1.0,0.7647058367729187,0.7685422301292419,0.1621297779277128
737,0.0345749631524086,1.0,0.7591277956962585,0.7675875425338745,0.21853384337067244
738,0.05861738696694374,1.0,0.7586206793785095,0.766155481338501,0.2393308739897089
739,0.043078336864709854,1.0,0.7586206793785095,0.7659168243408203,0.2759390855291965
740,0.031179331243038177,1.0,0.7586206793785095,0.7649620771408081,0.21932364460532053
741,0.03187244385480881,1.0,0.7576064467430115,0.7631123661994934,0.16709562320347437
742,0.04802997410297394,1.0,0.7581135630607605,0.7650814056396484,0.26216023714568787
743,0.023316223174333572,1.0,0.7626774907112122,0.7678261995315552,0.09686924448723638
744,0.03864627704024315,1.0,0.7647058367729187,0.7687809467315674,0.35974553044573554
745,0.036896053701639175,1.0,0.7626774907112122,0.7675875425338745,0.21861592741704244
746,0.029424523934721947,1.0,0.7616632580757141,0.7640670537948608,0.19865810739242631
747,0.047643259167671204,1.0,0.7601419687271118,0.7638283967971802,0.27358592193972037
748,0.04356145113706589,1.0,0.7591277956962585,0.7623963356018066,0.2063138240568244
749,0.04664413630962372,1.0,0.7591277956962585,0.7612625956535339,0.4821829606630517
750,0.038727227598428726,1.0,0.7586206793785095,0.7627543210983276,0.307571164848498
751,0.03067193739116192,1.0,0.7641987800598145,0.7637686729431152,0.3941211123941901
752,0.03319830074906349,1.0,0.7647058367729187,0.7647234201431274,0.13575862434704178
753,0.036059342324733734,1.0,0.7621703743934631,0.7641863822937012,0.22208227710539902
754,0.03765978291630745,1.0,0.7626774907112122,0.7619189620018005,0.2071564551524285
755,0.03612269088625908,1.0,0.7616632580757141,0.7605465650558472,0.30057800769151627
756,0.06057083606719971,1.0,0.7621703743934631,0.7638880610466003,0.2665464341403188
757,0.031679075211286545,1.0,0.7636916637420654,0.7665731906890869,0.18871939122068224
758,0.036852817982435226,0.998985767364502,0.7652129530906677,0.7666925191879272,0.26818034443062666
759,0.039490774273872375,1.0,0.7621703743934631,0.765737771987915,0.21285728627052095
760,0.050001535564661026,1.0,0.7591277956962585,0.7626946568489075,0.26654160785833264
761,0.03046967089176178,1.0,0.7586206793785095,0.7634106874465942,0.1706306468189658
762,0.03626523166894913,1.0,0.7545638680458069,0.7631720304489136,0.2547597079505962
763,0.03825639188289642,1.0,0.7565922737121582,0.7643653750419617,0.13406925072783782
764,0.053855858743190765,1.0,0.7545638680458069,0.7640670537948608,0.22284693467614075
765,0.05396481230854988,1.0,0.7626774907112122,0.7664538025856018,0.30736947335696335
766,0.030864667147397995,1.0,0.7692697644233704,0.7671698331832886,0.14318836206617014
767,0.06332669407129288,1.0,0.7682555317878723,0.7666328549385071,0.35489119332453134
768,0.03651167452335358,1.0,0.7677484750747681,0.766155481338501,0.286010973303298
769,0.047317951917648315,1.0,0.7657200694084167,0.7653201222419739,0.27376902112206813
770,0.03420605883002281,1.0,0.7652129530906677,0.7654991149902344,0.19011435624163173
771,0.03591261804103851,1.0,0.7677484750747681,0.7694969773292542,0.12075805031414218
772,0.045223917812108994,1.0,0.7677484750747681,0.7736141681671143,0.22210466030949205
773,0.049809593707323074,1.0,0.7697768807411194,0.7731964588165283,0.1622259605217126
774,0.05276820808649063,1.0,0.7692697644233704,0.7732561230659485,0.17117071975777584
775,0.04898148030042648,1.0,0.7662271857261658,0.7718837261199951,0.2732018132928536
776,0.046513840556144714,1.0,0.76673424243927,0.7714064121246338,0.2588521806938943
777,0.04544362053275108,1.0,0.7657200694084167,0.7709887027740479,0.1426810451542848
778,0.05765187367796898,1.0,0.767241358757019,0.7695566415786743,0.319410644271672
779,0.04553227126598358,1.0,0.7641987800598145,0.7691985964775085,0.15544261747613147
780,0.05665983259677887,1.0,0.7631845474243164,0.770690381526947,0.25837710025794086
781,0.054807767271995544,1.0,0.7687626481056213,0.7712870240211487,0.2252997069936833
782,0.04438476264476776,1.0,0.76673424243927,0.7700936794281006,0.12213087997039832
783,0.042410895228385925,1.0,0.7697768807411194,0.7716450691223145,0.19891313938753255
784,0.05457117035984993,1.0,0.7697768807411194,0.7742108702659607,0.21767716586164435
785,0.04700097441673279,1.0,0.7707910537719727,0.7781490087509155,0.1645061293119545
786,0.043601494282484055,1.0,0.7738336324691772,0.7788053750991821,0.2539692327710446
787,0.06442727893590927,1.0,0.7743407487869263,0.7791634202003479,0.34162030043226443
788,0.03481023386120796,1.0,0.7753549218177795,0.7785070538520813,0.1308840182967067
789,0.0409892275929451,1.0,0.7758620381355286,0.7797004580497742,0.2960879027558572
790,0.030696837231516838,1.0,0.7773833274841309,0.7821468710899353,0.0806246945204709
791,0.033210933208465576,1.0,0.7794117331504822,0.7813711762428284,0.19392280539257198
792,0.0317765437066555,1.0,0.7778904438018799,0.7809535264968872,0.21423757216541015
793,0.025504063814878464,1.0,0.7778904438018799,0.7817888855934143,0.15113619833634623
794,0.03236046060919762,1.0,0.7794117331504822,0.7838176488876343,0.1948493108302556
795,0.03682880848646164,1.0,0.7794117331504822,0.7856076955795288,0.13665500666897964
796,0.04436272755265236,1.0,0.7794117331504822,0.7856076955795288,0.20816927078141967
797,0.03203220292925835,1.0,0.7778904438018799,0.7847723364830017,0.08600311747437757
798,0.056124210357666016,1.0,0.7738336324691772,0.7831612825393677,0.24113138310240384
799,0.06982561200857162,1.0,0.7753549218177795,0.781669557094574,0.16610502519938788
800,0.03305766358971596,1.0,0.7743407487869263,0.7801181077957153,0.15007144077054718
801,0.030047982931137085,1.0,0.7773833274841309,0.7819082140922546,0.16655197524234686
802,0.05544273182749748,1.0,0.7778904438018799,0.783698320388794,0.2389925269986822
803,0.054216720163822174,1.0,0.7783975601196289,0.7838773131370544,0.19591635289586112
804,0.05070743337273598,1.0,0.7783975601196289,0.7839369773864746,0.16151938233278348
805,0.032437294721603394,1.0,0.7773833274841309,0.7828629016876221,0.15414457917894625
806,0.049192383885383606,1.0,0.7773833274841309,0.7802374362945557,0.26130758140256993
807,0.02699422463774681,1.0,0.7743407487869263,0.7773136496543884,0.17492586964698123
808,0.03338546305894852,1.0,0.7753549218177795,0.7760009169578552,0.1678067942013706
809,0.027325257658958435,1.0,0.7763691544532776,0.7780296802520752,0.21804873548132003
810,0.03169538453221321,1.0,0.7763691544532776,0.7778506875038147,0.17584809763544035
811,0.037505727261304855,1.0,0.7783975601196289,0.7765379548072815,0.17618436408051172
812,0.036004677414894104,1.0,0.7773833274841309,0.7771943211555481,0.28980392347554296
813,0.04284615069627762,1.0,0.7758620381355286,0.7764186263084412,0.1740451606066673
814,0.0401277057826519,1.0,0.7718052268028259,0.7739721536636353,0.20665395070142575
815,0.042741548269987106,1.0,0.76673424243927,0.7713467478752136,0.23684452028418956
816,0.03760192543268204,1.0,0.772819459438324,0.7721224427223206,0.2261124585656821
817,0.029967643320560455,1.0,0.773326575756073,0.7772539854049683,0.20063122461053293
818,0.028027048334479332,1.0,0.7799188494682312,0.7760605812072754,0.1124842642408295
819,0.05421745777130127,1.0,0.7748478651046753,0.7764186263084412,0.19656162978102687
820,0.03521692380309105,1.0,0.7718052268028259,0.7744495272636414,0.14655326880927694
821,0.045676324516534805,1.0,0.7707910537719727,0.7754639387130737,0.24837229247890802
822,0.031692370772361755,1.0,0.773326575756073,0.7740318179130554,0.21345532344011564
823,0.03910651430487633,1.0,0.7677484750747681,0.7715854048728943,0.21510370593479713
824,0.047927893698215485,1.0,0.7636916637420654,0.767408549785614,0.16321764567033273
825,0.047264501452445984,1.0,0.7591277956962585,0.7652007937431335,0.28029653724199666
826,0.04598109424114227,1.0,0.7611561417579651,0.7681245803833008,0.20175386609119703
827,0.03929336741566658,1.0,0.7692697644233704,0.7731367945671082,0.1946188680201881
828,0.031395044177770615,0.998985767364502,0.7687626481056213,0.7785070538520813,0.16238030992008448
829,0.056266769766807556,1.0,0.7682555317878723,0.7774926424026489,0.22220085563494102
830,0.03814557194709778,1.0,0.7657200694084167,0.7790440917015076,0.1635981463521451
831,0.03616854548454285,1.0,0.7641987800598145,0.7776716947555542,0.2133670120245607
832,0.022055432200431824,1.0,0.7657200694084167,0.7740318179130554,0.0704809197349234
833,0.043889254331588745,1.0,0.7631845474243164,0.7736141681671143,0.29045597508403437
834,0.033748120069503784,1.0,0.767241358757019,0.7761202454566956,0.2567694082389028
835,0.03249764442443848,0.998985767364502,0.7687626481056213,0.7782087326049805,0.21324553410097866
836,0.041376110166311264,0.998985767364502,0.7743407487869263,0.7795811295509338,0.19693697889382597
837,0.06212805584073067,1.0,0.773326575756073,0.7814905047416687,0.4699458998089552
838,0.03714509308338165,1.0,0.7773833274841309,0.7813115119934082,0.14702239476632945
839,0.047918111085891724,1.0,0.7778904438018799,0.7827435731887817,0.28258559282913176
840,0.032758112996816635,1.0,0.7738336324691772,0.7830419540405273,0.1528157850620284
841,0.03872622549533844,1.0,0.7743407487869263,0.7831612825393677,0.14424615405999325
842,0.04796117544174194,1.0,0.7712981700897217,0.7817888855934143,0.33421476160905605
843,0.038235221058130264,1.0,0.7697768807411194,0.7789844274520874,0.23980681748734264
844,0.03184705972671509,1.0,0.7687626481056213,0.7740318179130554,0.22227458757816146
845,0.04128299281001091,1.0,0.767241358757019,0.771466076374054,0.2556226567071486
846,0.03110034018754959,1.0,0.7682555317878723,0.772301435470581,0.27292911133261455
847,0.03542786091566086,1.0,0.7621703743934631,0.7712273597717285,0.2391217999419367
848,0.03757043927907944,1.0,0.7581135630607605,0.769437313079834,0.20968613283130838
849,0.04187683388590813,1.0,0.7545638680458069,0.7700936794281006,0.2949142822364036
850,0.049399618059396744,1.0,0.7550709843635559,0.7683632373809814,0.25574393782318144
851,0.0433611236512661,1.0,0.7626774907112122,0.7686019539833069,0.2578168884252005
852,0.03257539123296738,1.0,0.7581135630607605,0.7688406109809875,0.18585310122208643
853,0.03896348178386688,1.0,0.7591277956962585,0.7688406109809875,0.30011643240614283
854,0.03318949043750763,1.0,0.7662271857261658,0.7673488855361938,0.15819510910475784
855,0.04339083656668663,1.0,0.7702839374542236,0.7659764885902405,0.18941432411573153
856,0.0390041284263134,1.0,0.772312343120575,0.7681245803833008,0.2311858890962047
857,0.04263841733336449,1.0,0.7748478651046753,0.7687212824821472,0.336747958489455
858,0.05337005853652954,1.0,0.7758620381355286,0.7686019539833069,0.27544158946830866
859,0.038525812327861786,1.0,0.773326575756073,0.7684825658798218,0.2300430950593407
860,0.05496276170015335,1.0,0.7712981700897217,0.7658571600914001,0.381683864088158
861,0.04045945778489113,1.0,0.7677484750747681,0.7679455876350403,0.2740113588838995
862,0.05051449313759804,1.0,0.7712981700897217,0.7725400924682617,0.3702486068834841
863,0.03694289177656174,1.0,0.7743407487869263,0.7732561230659485,0.22058477652212546
864,0.08162396401166916,1.0,0.7748478651046753,0.7750462293624878,0.4402320523474722
865,0.043101876974105835,1.0,0.7712981700897217,0.7717047333717346,0.23455630274316935
866,0.042709723114967346,1.0,0.767241358757019,0.7676472067832947,0.20082888982961483
867,0.039791688323020935,1.0,0.7626774907112122,0.7626349925994873,0.14816838231641047
868,0.07156515121459961,0.998985767364502,0.7611561417579651,0.7626946568489075,0.27605008466132724
869,0.06061391532421112,0.998985767364502,0.7647058367729187,0.7658571600914001,0.1882852357579843
870,0.0382959209382534,0.998985767364502,0.7677484750747681,0.7672892212867737,0.14985026481622965
871,0.04625209793448448,0.998985767364502,0.7718052268028259,0.7668715119361877,0.1422427019001645
872,0.049778200685977936,0.998985767364502,0.7692697644233704,0.7671101689338684,0.24519649849603686
873,0.05314607918262482,0.998985767364502,0.7616632580757141,0.7646040916442871,0.1951421579628428
874,0.04812481999397278,0.998985767364502,0.75,0.7583388090133667,0.24239037382742265
875,0.07536562532186508,1.0,0.7576064467430115,0.7632913589477539,0.45901617472616274
876,0.029673319309949875,1.0,0.7682555317878723,0.7680649161338806,0.26238197594723794
877,0.03551590070128441,1.0,0.7814401388168335,0.7721224427223206,0.20096328166911417
878,0.050898004323244095,1.0,0.7809330224990845,0.7730174660682678,0.21327443840825377
879,0.06507288664579391,1.0,0.7783975601196289,0.7732561230659485,0.24234532362287964
880,0.04855280742049217,1.0,0.7677484750747681,0.7697356343269348,0.1637167790880714
881,0.04060038924217224,1.0,0.7702839374542236,0.7689002752304077,0.17908480186384373
882,0.04176388680934906,1.0,0.7712981700897217,0.7666328549385071,0.17285766111358364
883,0.05285460501909256,1.0,0.7702839374542236,0.7629333138465881,0.3134128293485482
884,0.03543701767921448,1.0,0.7697768807411194,0.7623963356018066,0.21374277908169192
885,0.05972687527537346,1.0,0.7697768807411194,0.7644847631454468,0.18540152457985207
886,0.036276210099458694,1.0,0.7697768807411194,0.767408549785614,0.16361107190349203
887,0.05020283907651901,1.0,0.7692697644233704,0.7698549628257751,0.22670194143992492
888,0.034726329147815704,1.0,0.7692697644233704,0.772659420967102,0.17972259016167985
889,0.029516348615288734,1.0,0.7718052268028259,0.7738528251647949,0.16384907740403892
890,0.045470185577869415,1.0,0.772312343120575,0.775105893611908,0.27396806331207646
891,0.030414626002311707,1.0,0.7712981700897217,0.7730174660682678,0.16037606453423753
892,0.044268734753131866,1.0,0.7718052268028259,0.7724207639694214,0.231140236993684
893,0.04141176491975784,1.0,0.76673424243927,0.7711676955223083,0.29194890394090695
894,0.03937765583395958,1.0,0.7641987800598145,0.771824061870575,0.16597292003279485
895,0.02889503538608551,1.0,0.76673424243927,0.7721821069717407,0.1260238550561971
896,0.03703514114022255,1.0,0.7636916637420654,0.7720030546188354,0.24112214161369205
897,0.037148166447877884,1.0,0.7626774907112122,0.7713467478752136,0.2827942720146253
898,0.045725297182798386,1.0,0.7641987800598145,0.7751655578613281,0.28467260668268773
899,0.02618143893778324,1.0,0.7697768807411194,0.7755832672119141,0.2505126897086928
900,0.04162333160638809,1.0,0.7718052268028259,0.7773136496543884,0.31778028721765006
901,0.028612159192562103,1.0,0.7712981700897217,0.7761799693107605,0.2053656804673147
902,0.049833085387945175,1.0,0.7718052268028259,0.7766572833061218,0.2141343026649324
903,0.039551783353090286,1.0,0.7712981700897217,0.7775523662567139,0.272296806604362
904,0.044445764273405075,1.0,0.7712981700897217,0.7758219242095947,0.1997449910329081
905,0.04383452981710434,1.0,0.7743407487869263,0.7773136496543884,0.3368042527953324
906,0.039373837411403656,1.0,0.7758620381355286,0.7779103517532349,0.23908250475747092
907,0.033306386321783066,1.0,0.772312343120575,0.7777910232543945,0.1346995751619675
908,0.0351712629199028,1.0,0.7692697644233704,0.7769556641578674,0.1462935334171825
909,0.03649427369236946,1.0,0.7677484750747681,0.7770749926567078,0.24869733813835523
910,0.032588135451078415,1.0,0.7657200694084167,0.7760009169578552,0.1625939645572934
911,0.04350072517991066,1.0,0.7697768807411194,0.7780296802520752,0.21634752122536144
912,0.03445155918598175,1.0,0.7692697644233704,0.7775523662567139,0.10073295845912382
913,0.04255743324756622,1.0,0.7718052268028259,0.7762396335601807,0.1868380605708865
914,0.04865921661257744,1.0,0.7687626481056213,0.776358962059021,0.22454708156497322
915,0.029408808797597885,1.0,0.7682555317878723,0.7733157873153687,0.1929600380117827
916,0.05281906574964523,1.0,0.7697768807411194,0.7709887027740479,0.2408599823798634
917,0.038422346115112305,1.0,0.7682555317878723,0.7711080312728882,0.17434038820190476
918,0.03198012709617615,1.0,0.7748478651046753,0.775105893611908,0.18056052295129285
919,0.0497807115316391,1.0,0.7748478651046753,0.7794617414474487,0.281865444015791
920,0.038266003131866455,1.0,0.7748478651046753,0.7807148098945618,0.20565733721209625
921,0.03662443161010742,1.0,0.7707910537719727,0.7809535264968872,0.13941080867960665
922,0.04840633273124695,1.0,0.7677484750747681,0.7788650393486023,0.21727505175741613
923,0.05313082039356232,1.0,0.7677484750747681,0.7792230844497681,0.25179947573037986
924,0.03416614979505539,1.0,0.7652129530906677,0.7775523662567139,0.184365379000745
925,0.02724919281899929,1.0,0.7677484750747681,0.7760009169578552,0.1991266106545959
926,0.03511281684041023,1.0,0.7687626481056213,0.7752848863601685,0.13366715992412984
927,0.029742982238531113,1.0,0.767241358757019,0.7740915417671204,0.39224529743719716
928,0.05495747551321983,1.0,0.7636916637420654,0.770690381526947,0.24877278970079136
929,0.037043750286102295,1.0,0.7626774907112122,0.7728384733200073,0.1989344281717638
930,0.052366916090250015,1.0,0.767241358757019,0.7730174660682678,0.22395141417838818
931,0.0424426905810833,1.0,0.767241358757019,0.7705709934234619,0.1899253202274345
932,0.020016510039567947,1.0,0.76673424243927,0.7684825658798218,0.06637077162281028
933,0.046399232000112534,1.0,0.7677484750747681,0.769795298576355,0.20062799679760424
934,0.04662563279271126,1.0,0.7697768807411194,0.7715257406234741,0.3270099697756046
935,0.03503413498401642,1.0,0.7692697644233704,0.7700340151786804,0.1972598828448093
936,0.03534592315554619,1.0,0.7647058367729187,0.7695566415786743,0.1583383339954932
937,0.04895489662885666,1.0,0.7641987800598145,0.7693179845809937,0.3083569173818247
938,0.03862021118402481,1.0,0.7631845474243164,0.766513466835022,0.19026324359176072
939,0.041988689452409744,1.0,0.7641987800598145,0.7640670537948608,0.2127246518501127
940,0.04505603015422821,1.0,0.7611561417579651,0.7638283967971802,0.25109210614951055
941,0.04156631976366043,1.0,0.7611561417579651,0.768661618232727,0.22882105236393166
942,0.05318327993154526,1.0,0.7662271857261658,0.771466076374054,0.2584688910464977
943,0.04219799116253853,1.0,0.7707910537719727,0.7736738324165344,0.1638439436370029
944,0.03285960853099823,1.0,0.772312343120575,0.7762396335601807,0.11774960294758803
945,0.04396562650799751,1.0,0.7692697644233704,0.7786860466003418,0.14590301149272566
946,0.05486311390995979,1.0,0.773326575756073,0.778745710849762,0.30003900332184885
947,0.03474794700741768,1.0,0.7758620381355286,0.7794617414474487,0.1797599737180413
948,0.0393669493496418,1.0,0.7748478651046753,0.779998779296875,0.1879255586688172
949,0.05913558229804039,1.0,0.7763691544532776,0.7790440917015076,0.2752488070198614
950,0.04614938050508499,1.0,0.7748478651046753,0.7788650393486023,0.15078226621381416
951,0.04142425209283829,1.0,0.773326575756073,0.7795811295509338,0.23360666200891184
952,0.03690487518906593,1.0,0.7687626481056213,0.7773733139038086,0.2155479180209759
953,0.03996041789650917,1.0,0.7631845474243164,0.7768363356590271,0.15692468891117606
954,0.039969224482774734,1.0,0.7596348524093628,0.7754639387130737,0.23819288224776655
955,0.03369886428117752,1.0,0.7586206793785095,0.7733754515647888,0.20590866293293075
956,0.05065304785966873,1.0,0.7652129530906677,0.7747478485107422,0.26469484678140254
957,0.029852651059627533,1.0,0.76673424243927,0.777970016002655,0.1438272530564804
958,0.03337377682328224,1.0,0.7702839374542236,0.7776716947555542,0.1419855460710613
959,0.03052501380443573,1.0,0.772312343120575,0.7779103517532349,0.17322800969592492
960,0.033270254731178284,1.0,0.7707910537719727,0.779640793800354,0.17550982930924947
961,0.040651168674230576,1.0,0.7702839374542236,0.7811325192451477,0.22833549874429163
962,0.028269026428461075,1.0,0.7702839374542236,0.7825049161911011,0.17402373623312728
963,0.03769795969128609,1.0,0.7743407487869263,0.779998779296875,0.29877302565856406
964,0.032225195318460464,1.0,0.7707910537719727,0.7795214056968689,0.23877349119221264
965,0.05031288042664528,1.0,0.773326575756073,0.7782683968544006,0.22027907085514986
966,0.035786256194114685,1.0,0.7753549218177795,0.7786263823509216,0.15012868082952294
967,0.049339137971401215,1.0,0.7789046764373779,0.7814308404922485,0.2867273820266065
968,0.027560705319046974,1.0,0.7778904438018799,0.7820872068405151,0.18637223499255895
969,0.047035764902830124,1.0,0.7763691544532776,0.7819082140922546,0.25463829126651044
970,0.0252559594810009,1.0,0.772312343120575,0.7786860466003418,0.1376570415411854
971,0.04755482077598572,1.0,0.7647058367729187,0.7772539854049683,0.20086394724245568
972,0.05889206379652023,1.0,0.76673424243927,0.7777313590049744,0.3365696064466443
973,0.04477221146225929,1.0,0.7657200694084167,0.7754042148590088,0.16999136466556836
974,0.04091090336441994,1.0,0.767241358757019,0.7767766118049622,0.2928415431457544
975,0.03641603887081146,1.0,0.7687626481056213,0.7773136496543884,0.13453631631788376
976,0.028359055519104004,1.0,0.7718052268028259,0.7780893445014954,0.17162900312648288
977,0.04043836146593094,1.0,0.7692697644233704,0.7765379548072815,0.23632457693047
978,0.03404607996344566,1.0,0.7626774907112122,0.776716947555542,0.1340673760509507
979,0.037103742361068726,1.0,0.7616632580757141,0.7769556641578674,0.23152577979352829
980,0.0439450740814209,1.0,0.7682555317878723,0.7748672366142273,0.2918786839238568
981,0.049447283148765564,1.0,0.7631845474243164,0.7729578018188477,0.14711971251914877
982,0.04755805432796478,1.0,0.7601419687271118,0.771824061870575,0.22400760212450765
983,0.03729195147752762,0.998985767364502,0.7601419687271118,0.7721821069717407,0.1600896487116597
984,0.030181726440787315,0.998985767364502,0.7570993900299072,0.7729578018188477,0.14857562559919274
985,0.06057772412896156,0.998985767364502,0.7601419687271118,0.7712273597717285,0.25389393304619107
986,0.0521111860871315,0.998985767364502,0.7555781006813049,0.7721821069717407,0.14525649998822912
987,0.039426758885383606,0.998985767364502,0.7484787106513977,0.769019603729248,0.2624028185153906
988,0.04614244028925896,1.0,0.748985767364502,0.7662151455879211,0.2902651049423691
989,0.04292977973818779,1.0,0.7560851573944092,0.7670505046844482,0.38172380926578303
990,0.028002087026834488,1.0,0.7560851573944092,0.7653201222419739,0.14095817974755775
991,0.029210397973656654,1.0,0.7565922737121582,0.764126718044281,0.1158623714478006
992,0.042150840163230896,1.0,0.7555781006813049,0.7642460465431213,0.15408691961973695
993,0.03778555244207382,1.0,0.7570993900299072,0.7649024128913879,0.2833748953848226
994,0.027305278927087784,1.0,0.7555781006813049,0.7643057107925415,0.11030483825082314
995,0.055315423756837845,1.0,0.7535496950149536,0.7626349925994873,0.3146419972817494
996,0.036013126373291016,1.0,0.7570993900299072,0.7643057107925415,0.28059096187282884
997,0.021981650963425636,1.0,0.7576064467430115,0.7645444273948669,0.18674603499086295
998,0.036016881465911865,1.0,0.7626774907112122,0.7684229016304016,0.22065076481188875
999,0.04058832675218582,1.0,0.7657200694084167,0.7699146270751953,0.2555430031158013
1000,0.03456456586718559,1.0,0.7712981700897217,0.7733157873153687,0.24671336188898008
1001,0.03333744406700134,1.0,0.7697768807411194,0.7751655578613281,0.22707820381726246
1002,0.029213089495897293,1.0,0.7718052268028259,0.7752252221107483,0.2227168492468651
1003,0.02773876115679741,1.0,0.7682555317878723,0.7742108702659607,0.2744246041548608
1004,0.04180788993835449,1.0,0.7652129530906677,0.7705113291740417,0.27467989602784704
1005,0.0500914566218853,1.0,0.7647058367729187,0.7696163058280945,0.2628522646282438
1006,0.03582988679409027,1.0,0.76673424243927,0.7696759700775146,0.30529841215569614
1007,0.057552121579647064,1.0,0.7662271857261658,0.7696163058280945,0.28012099953169645
1008,0.04902169108390808,1.0,0.7682555317878723,0.7702130079269409,0.37525700635136505
1009,0.03574594482779503,1.0,0.7662271857261658,0.7701533436775208,0.24232926425312407
1010,0.04945874586701393,1.0,0.767241358757019,0.770690381526947,0.15806633645337617
1011,0.061053358018398285,1.0,0.7626774907112122,0.7684825658798218,0.26003264932116654
1012,0.034515369683504105,1.0,0.7647058367729187,0.7630526423454285,0.23138342305678736
1013,0.04310193657875061,1.0,0.7596348524093628,0.7617996335029602,0.23452388045340522
1014,0.03912781551480293,1.0,0.7611561417579651,0.7636493444442749,0.1592894328993254
1015,0.04680389165878296,1.0,0.7596348524093628,0.7649620771408081,0.18510187186680574
1016,0.038859035819768906,1.0,0.7652129530906677,0.7671101689338684,0.19109540232003255
1017,0.04249029979109764,1.0,0.7647058367729187,0.7690792679786682,0.1737757560948632
1018,0.030827349051833153,1.0,0.7657200694084167,0.7708693742752075,0.138221841902807
1019,0.029010120779275894,1.0,0.7657200694084167,0.7704516649246216,0.174705438584952
1020,0.03335773944854736,1.0,0.7687626481056213,0.771466076374054,0.16184336909640215
1021,0.04992009699344635,1.0,0.767241358757019,0.7731367945671082,0.30996996407655514
1022,0.03989991173148155,1.0,0.7702839374542236,0.7731964588165283,0.1318966810403524
1023,0.04141063615679741,1.0,0.7702839374542236,0.7737931609153748,0.24533884076413992
1024,0.04853486642241478,1.0,0.7662271857261658,0.7734351754188538,0.24337419889310494
1025,0.04814973101019859,1.0,0.76673424243927,0.7728981375694275,0.2491569418058122
1026,0.03341596573591232,1.0,0.7611561417579651,0.7705709934234619,0.15819844539704556
1027,0.04665879160165787,1.0,0.7591277956962585,0.7677068710327148,0.283028088367745
1028,0.03144437447190285,1.0,0.7555781006813049,0.7623963356018066,0.20723734684739498
1029,0.04195119068026543,1.0,0.7535496950149536,0.7590548396110535,0.25461667118529757
1030,0.047149281948804855,1.0,0.7510141730308533,0.7581597566604614,0.21234800942330725
1031,0.054914332926273346,1.0,0.7545638680458069,0.7607255578041077,0.14680727801576046
1032,0.046724848449230194,1.0,0.7540567517280579,0.7643057107925415,0.3113197560640343
1033,0.024036992341279984,1.0,0.7560851573944092,0.7660361528396606,0.13370650921224672
1034,0.03148477151989937,1.0,0.7647058367729187,0.769437313079834,0.15006783107780367
1035,0.03993534669280052,1.0,0.767241358757019,0.772301435470581,0.20834729340898483
1036,0.04414160177111626,0.998985767364502,0.7662271857261658,0.773077130317688,0.19743426466313563
1037,0.049389004707336426,1.0,0.7652129530906677,0.7736141681671143,0.3218456481252331
1038,0.03874048590660095,1.0,0.7682555317878723,0.7722417712211609,0.36238762003035796
1039,0.05923420563340187,1.0,0.7626774907112122,0.7705113291740417,0.19124048142475783
1040,0.04732290655374527,1.0,0.7647058367729187,0.7711080312728882,0.382557285721618
1041,0.05993645638227463,1.0,0.7606490850448608,0.7708693742752075,0.2652659425194965
1042,0.03845217823982239,1.0,0.7601419687271118,0.7724207639694214,0.21531641963970197
1043,0.052976831793785095,0.998985767364502,0.7616632580757141,0.771466076374054,0.2129934008485526
1044,0.05492096394300461,0.998985767364502,0.7677484750747681,0.768661618232727,0.2223129824099061
1045,0.047980066388845444,0.998985767364502,0.76673424243927,0.7693776488304138,0.24860129421687535
1046,0.03785533085465431,0.998985767364502,0.7692697644233704,0.7700936794281006,0.2817228701523664
1047,0.05915023759007454,0.998985767364502,0.772312343120575,0.7712273597717285,0.3272135803867403
1048,0.03519418090581894,0.998985767364502,0.7702839374542236,0.7728981375694275,0.11989958490855158
1049,0.0508425310254097,0.998985767364502,0.7707910537719727,0.7737334966659546,0.17656879623454427
1050,0.061158906668424606,0.998985767364502,0.7702839374542236,0.774330198764801,0.23241109629175363
1051,0.04616256430745125,0.998985767364502,0.7682555317878723,0.7749269008636475,0.1644054983070769
1052,0.0451362170279026,0.998985767364502,0.7687626481056213,0.7719433903694153,0.12688071920359317
1053,0.048482734709978104,0.9979715943336487,0.7647058367729187,0.7714064121246338,0.2250576428899792
1054,0.047210730612277985,0.998985767364502,0.7657200694084167,0.7733754515647888,0.202523336265875
1055,0.058130908757448196,0.998985767364502,0.7636916637420654,0.7724804282188416,0.2713620732502036
1056,0.038669686764478683,1.0,0.7636916637420654,0.7725400924682617,0.2087926759710682
1057,0.047713566571474075,1.0,0.7702839374542236,0.776358962059021,0.14343905312730124
1058,0.045671407133340836,1.0,0.7712981700897217,0.7809535264968872,0.31098562411317576
1059,0.039613302797079086,1.0,0.7738336324691772,0.7832209467887878,0.14520345245720873
1060,0.0394057035446167,1.0,0.7763691544532776,0.7805358171463013,0.15474432849975575
1061,0.04355854541063309,1.0,0.7718052268028259,0.777612030506134,0.20975965932791724
1062,0.054893858730793,1.0,0.7657200694084167,0.7749269008636475,0.16780738445367704
1063,0.0459609180688858,1.0,0.7652129530906677,0.7749865651130676,0.2771990915776191
1064,0.0514729879796505,1.0,0.7647058367729187,0.7757025957107544,0.18953753969666914
1065,0.05285963416099548,1.0,0.7707910537719727,0.7775523662567139,0.22069734540533678
1066,0.04326879605650902,1.0,0.7641987800598145,0.7777313590049744,0.12510952823959762
1067,0.047891613095998764,1.0,0.7631845474243164,0.7759412527084351,0.19017272158316353
1068,0.04189116507768631,1.0,0.7636916637420654,0.7747478485107422,0.16011142131717485
1069,0.058956924825906754,1.0,0.7626774907112122,0.7725997567176819,0.14842627639115594
1070,0.024862146005034447,1.0,0.7652129530906677,0.7712273597717285,0.26139103047919676
1071,0.04068686068058014,1.0,0.7657200694084167,0.7694969773292542,0.2050958951908633
1072,0.049395088106393814,1.0,0.7631845474243164,0.7707500457763672,0.3143155815282807
1073,0.026843076571822166,1.0,0.7712981700897217,0.771824061870575,0.16605467507163382
1074,0.047150399535894394,1.0,0.7712981700897217,0.7714064121246338,0.20671844518060306
1075,0.05232557654380798,1.0,0.7682555317878723,0.7752848863601685,0.2748671158127781
1076,0.040280528366565704,1.0,0.76673424243927,0.7739124894142151,0.2320431777763553
1077,0.04982854798436165,1.0,0.7662271857261658,0.774330198764801,0.22158343325886354
1078,0.04076105356216431,1.0,0.7652129530906677,0.7757622599601746,0.22375842029014772
1079,0.033913154155015945,1.0,0.7652129530906677,0.7773733139038086,0.13435104948169643
1080,0.04394562914967537,1.0,0.7697768807411194,0.7808341383934021,0.2064869303071449
1081,0.03230879828333855,1.0,0.7743407487869263,0.7825645804405212,0.2048346812784038
1082,0.034319695085287094,1.0,0.7718052268028259,0.7808341383934021,0.1625313445009185
1083,0.06608641892671585,1.0,0.7738336324691772,0.7822065353393555,0.2838347652165287
1084,0.0338435098528862,1.0,0.7702839374542236,0.7802971601486206,0.23720967149809286
1085,0.03275001049041748,1.0,0.7641987800598145,0.7743898630142212,0.15486014476059765
1086,0.05217805132269859,1.0,0.7657200694084167,0.7736738324165344,0.22091791645623957
1087,0.0352846123278141,1.0,0.7652129530906677,0.7742108702659607,0.21727252520033336
1088,0.07022662460803986,1.0,0.7631845474243164,0.7752252221107483,0.2596889706178158
1089,0.02863979898393154,1.0,0.7636916637420654,0.7756429314613342,0.23607600178086197
1090,0.03041706793010235,1.0,0.767241358757019,0.7761799693107605,0.1564298944041822
1091,0.03854990378022194,1.0,0.76673424243927,0.7790440917015076,0.1613043783209829
1092,0.04252824932336807,1.0,0.7636916637420654,0.7784473896026611,0.2166364483669557
1093,0.05057250335812569,1.0,0.7647058367729187,0.7768363356590271,0.24178713683009498
1094,0.054600875824689865,1.0,0.7692697644233704,0.7771346569061279,0.44389403379373743
1095,0.046281784772872925,1.0,0.7641987800598145,0.7760009169578552,0.16062735323314922
1096,0.03617711737751961,1.0,0.7652129530906677,0.7792827486991882,0.2698706687621564
1097,0.035592351108789444,1.0,0.7662271857261658,0.7808341383934021,0.2727706060794083
1098,0.02644875831902027,1.0,0.7657200694084167,0.7805954813957214,0.10320986702320016
1099,0.04324934259057045,1.0,0.7647058367729187,0.7794020771980286,0.24409262784577876
1100,0.028519341722130775,1.0,0.7606490850448608,0.7782087326049805,0.28631900892180134
1101,0.046982113271951675,1.0,0.7606490850448608,0.7739124894142151,0.15092164566040026
1102,0.05116409435868263,1.0,0.7616632580757141,0.774330198764801,0.23546970895415023
1103,0.046292997896671295,1.0,0.7636916637420654,0.7724207639694214,0.21306804143381866
1104,0.037499263882637024,1.0,0.7626774907112122,0.7723610997200012,0.21330627614888234
1105,0.035571254789829254,1.0,0.7545638680458069,0.7688406109809875,0.24535414556752835
1106,0.06241721287369728,1.0,0.7560851573944092,0.7708097100257874,0.3141022026090353
1107,0.039916761219501495,1.0,0.7596348524093628,0.7723610997200012,0.16900039177407042
1108,0.03372092545032501,1.0,0.7611561417579651,0.7729578018188477,0.13071479626402158
1109,0.06443926692008972,1.0,0.7621703743934631,0.7741512060165405,0.30834231745925295
1110,0.044020168483257294,1.0,0.7641987800598145,0.7764782905578613,0.27633403201705753
1111,0.043977394700050354,1.0,0.7692697644233704,0.7767766118049622,0.16521805478148793
1112,0.03980490192770958,1.0,0.7682555317878723,0.7762992978096008,0.27087293324985723
1113,0.027513733133673668,1.0,0.7738336324691772,0.7757025957107544,0.12622332864195857
1114,0.05254353955388069,1.0,0.7743407487869263,0.7752252221107483,0.24226996851796934
1115,0.05108785629272461,1.0,0.772312343120575,0.7749865651130676,0.22487028994514086
1116,0.038047656416893005,1.0,0.7682555317878723,0.7736141681671143,0.1331164284676233
1117,0.04471282660961151,1.0,0.7657200694084167,0.7700936794281006,0.29571860343164064
1118,0.030784985050559044,1.0,0.7631845474243164,0.769019603729248,0.1629892609008764
1119,0.02653801627457142,1.0,0.7601419687271118,0.7684229016304016,0.06556518274997339
1120,0.03684629872441292,1.0,0.7606490850448608,0.7705709934234619,0.1883559664551227
1121,0.03085784800350666,1.0,0.7576064467430115,0.7713467478752136,0.11987107149131243
1122,0.0344625748693943,1.0,0.7586206793785095,0.7712870240211487,0.10020484974345986
1123,0.027915045619010925,1.0,0.7601419687271118,0.7725400924682617,0.11524035523014119
1124,0.048014458268880844,1.0,0.7626774907112122,0.7736738324165344,0.17603048743037494
1125,0.026393579319119453,1.0,0.7641987800598145,0.7724804282188416,0.0992808419606651
1126,0.031652338802814484,1.0,0.7616632580757141,0.7716450691223145,0.19976335683715907
1127,0.029152410104870796,1.0,0.7586206793785095,0.7705113291740417,0.1503149849769189
1128,0.04065008834004402,1.0,0.7616632580757141,0.7729578018188477,0.22441854848154486
1129,0.03514084964990616,1.0,0.7657200694084167,0.7737931609153748,0.18744273705104852
1130,0.019247718155384064,1.0,0.76673424243927,0.7745091915130615,0.2047459546544068
1131,0.029896024614572525,1.0,0.7702839374542236,0.774688184261322,0.118595609536947
1132,0.025873025879263878,1.0,0.772819459438324,0.7752252221107483,0.12303376529335248
1133,0.047937117516994476,1.0,0.772819459438324,0.7744495272636414,0.19749733546894363
1134,0.03322051092982292,1.0,0.7631845474243164,0.7713467478752136,0.123071823504312
1135,0.032547615468502045,1.0,0.7570993900299072,0.7672892212867737,0.09597664366264572
1136,0.03506412357091904,1.0,0.7535496950149536,0.7659168243408203,0.24766462369892978
1137,0.028848184272646904,1.0,0.7530425786972046,0.7638283967971802,0.21084321743460646
1138,0.027622472494840622,1.0,0.7555781006813049,0.7644847631454468,0.2040891088444639
1139,0.025463297963142395,1.0,0.7606490850448608,0.7637686729431152,0.15792945462993646
1140,0.02746143378317356,1.0,0.7611561417579651,0.7642460465431213,0.2508881347649389
1141,0.039790842682123184,1.0,0.7641987800598145,0.7669311761856079,0.13836593351913054
1142,0.027878720313310623,1.0,0.7641987800598145,0.7674682140350342,0.19136160995319454
1143,0.027128485962748528,1.0,0.7652129530906677,0.7648427486419678,0.13401708169795326
1144,0.03307502344250679,1.0,0.767241358757019,0.7659168243408203,0.17894063686106843
1145,0.026604320853948593,1.0,0.7682555317878723,0.7647830843925476,0.30900407230247945
1146,0.03237845376133919,1.0,0.7641987800598145,0.7634703516960144,0.2084152551835362
1147,0.03492734581232071,1.0,0.767241358757019,0.7628139853477478,0.3409533309061567
1148,0.038508687168359756,1.0,0.7712981700897217,0.7633510231971741,0.5788439360445009
1149,0.03717422112822533,1.0,0.772312343120575,0.7634703516960144,0.1996195736594647
1150,0.038484349846839905,1.0,0.7712981700897217,0.7640670537948608,0.20885155714661435
1151,0.025932002812623978,1.0,0.772312343120575,0.7654394507408142,0.1580093248437559
1152,0.06193684786558151,1.0,0.772819459438324,0.7659764885902405,0.2434949813416004
1153,0.04878021404147148,1.0,0.773326575756073,0.7664538025856018,0.3109277491475753
1154,0.038039881736040115,1.0,0.773326575756073,0.7675875425338745,0.12127465201171536
1155,0.03253934159874916,1.0,0.772312343120575,0.7683035731315613,0.47266303164038587
1156,0.043611928820610046,1.0,0.773326575756073,0.7690792679786682,0.25587798168994697
1157,0.03278401866555214,1.0,0.7702839374542236,0.7703920006752014,0.15374069728114964
1158,0.053627729415893555,1.0,0.7738336324691772,0.771824061870575,0.4040801737291005
1159,0.04576774314045906,1.0,0.7718052268028259,0.7702130079269409,0.2913395450960115
1160,0.04571298137307167,1.0,0.773326575756073,0.769795298576355,0.1394201424590505
1161,0.03670433536171913,1.0,0.7687626481056213,0.7672295570373535,0.15119684320326784
1162,0.054473876953125,1.0,0.767241358757019,0.7675875425338745,0.2571120692884707
1163,0.04424680396914482,1.0,0.7631845474243164,0.7653201222419739,0.17345252572037437
1164,0.054480329155921936,1.0,0.7565922737121582,0.7590548396110535,0.26175476512290147
1165,0.07068100571632385,1.0,0.7560851573944092,0.7622769474983215,0.2529032234511947
1166,0.05925151705741882,1.0,0.7662271857261658,0.7678261995315552,0.33308410450666914
1167,0.030836284160614014,1.0,0.7636916637420654,0.7671698331832886,0.18127849815889563
1168,0.07173947989940643,1.0,0.7647058367729187,0.7644250392913818,0.3615388422710666
1169,0.04509751498699188,1.0,0.7565922737121582,0.7612029314041138,0.2015303429703375
1170,0.04966234415769577,1.0,0.7520284056663513,0.7626349925994873,0.23638400734551887
1171,0.04553736001253128,1.0,0.7555781006813049,0.7630526423454285,0.14693733820992974
1172,0.036659788340330124,1.0,0.7606490850448608,0.7648427486419678,0.2360845325660794
1173,0.06257197260856628,1.0,0.7626774907112122,0.767408549785614,0.33207921632059656
1174,0.03596394881606102,1.0,0.767241358757019,0.771824061870575,0.19521890848171375
1175,0.03722022846341133,1.0,0.7682555317878723,0.7715257406234741,0.28464339523367077
1176,0.05203268304467201,1.0,0.7682555317878723,0.769795298576355,0.1989098756420983
1177,0.05093323811888695,0.998985767364502,0.7712981700897217,0.7675875425338745,0.26853613873389787
1178,0.05223899707198143,0.9979715943336487,0.7662271857261658,0.7673488855361938,0.2375403587237304
1179,0.05275785177946091,1.0,0.7647058367729187,0.7687809467315674,0.27566962025320246
1180,0.04596569389104843,1.0,0.7662271857261658,0.7693179845809937,0.14290444255814216
1181,0.056505490094423294,1.0,0.7662271857261658,0.7715854048728943,0.367462241340783
1182,0.03028189018368721,1.0,0.76673424243927,0.7736141681671143,0.12333418445131576
1183,0.047304667532444,1.0,0.7697768807411194,0.7740915417671204,0.284940914147546
1184,0.03958526998758316,1.0,0.7753549218177795,0.7752848863601685,0.20486224828495558
1185,0.05172707512974739,1.0,0.7738336324691772,0.7747478485107422,0.19121236314922915
1186,0.03290824964642525,1.0,0.7773833274841309,0.7742108702659607,0.2146225174798019
1187,0.05522199347615242,1.0,0.7738336324691772,0.7737931609153748,0.2106999475105052
1188,0.04884850233793259,1.0,0.7718052268028259,0.7721821069717407,0.2514164677141156
1189,0.03654390200972557,1.0,0.767241358757019,0.7708693742752075,0.23755907315689923
1190,0.03645049408078194,1.0,0.7682555317878723,0.7705709934234619,0.32075269567019815
1191,0.04569000378251076,1.0,0.7657200694084167,0.7702726721763611,0.20777669274865657
1192,0.037383344024419785,1.0,0.7677484750747681,0.769019603729248,0.22565224630382302
1193,0.0537414476275444,1.0,0.7702839374542236,0.7721224427223206,0.18246377929811727
1194,0.05093333497643471,1.0,0.7753549218177795,0.7737931609153748,0.2510607547733664
1195,0.03183811157941818,0.998985767364502,0.7718052268028259,0.7740318179130554,0.16797167874642202
1196,0.035281188786029816,1.0,0.7712981700897217,0.7718837261199951,0.16599251582678626
1197,0.0365273579955101,1.0,0.7738336324691772,0.7702130079269409,0.3863396642518062
1198,0.057547781616449356,1.0,0.7738336324691772,0.7683035731315613,0.17537431547755344
1199,0.049106352031230927,1.0,0.7647058367729187,0.767408549785614,0.23926496818150728
1200,0.0578797273337841,1.0,0.7662271857261658,0.7707500457763672,0.2806937423695107
1201,0.038232140243053436,1.0,0.7682555317878723,0.769437313079834,0.15369380722827394
1202,0.05639587342739105,1.0,0.773326575756073,0.7712870240211487,0.2214998102104539
1203,0.04497808963060379,1.0,0.7707910537719727,0.7719433903694153,0.3382495303250681
1204,0.05027398094534874,1.0,0.7702839374542236,0.7709887027740479,0.2389507902084883
1205,0.02688751555979252,1.0,0.7611561417579651,0.7699743509292603,0.12298451252768702
1206,0.06312046200037003,1.0,0.7596348524093628,0.7671698331832886,0.3129899911419865
1207,0.026578525081276894,1.0,0.7601419687271118,0.7660361528396606,0.19468454469679441
1208,0.03952451050281525,1.0,0.7611561417579651,0.7666328549385071,0.2266065400135838
1209,0.04477429389953613,1.0,0.7647058367729187,0.769019603729248,0.2822804983187363
1210,0.0437098927795887,1.0,0.7657200694084167,0.7709290385246277,0.2157467318020782
1211,0.038075659424066544,1.0,0.7687626481056213,0.771824061870575,0.11700468403278903
1212,0.03609976917505264,1.0,0.7657200694084167,0.7731367945671082,0.13856163058785892
1213,0.03598802909255028,1.0,0.7631845474243164,0.7747478485107422,0.16731678692362986
1214,0.04756694659590721,1.0,0.7641987800598145,0.7752252221107483,0.23523671695570858
1215,0.04263795539736748,1.0,0.7682555317878723,0.7758219242095947,0.1746208744955288
1216,0.05756034702062607,1.0,0.7712981700897217,0.7786860466003418,0.1994322592690443
1217,0.030442863702774048,1.0,0.7697768807411194,0.7784473896026611,0.10392253463678239
1218,0.0391218326985836,1.0,0.767241358757019,0.7775523662567139,0.22894014352742936
1219,0.031250983476638794,1.0,0.7657200694084167,0.7765976190567017,0.1545818076021368
1220,0.031833332031965256,1.0,0.7616632580757141,0.7783280611038208,0.262252576644351
1221,0.0264492966234684,1.0,0.7652129530906677,0.7798197865486145,0.169404849775606
1222,0.026647131890058517,1.0,0.7616632580757141,0.7799391150474548,0.10939008762200723
1223,0.03434759005904198,1.0,0.7576064467430115,0.7778506875038147,0.24623212245214748
1224,0.044735364615917206,1.0,0.7611561417579651,0.7757622599601746,0.13150117206922643
1225,0.03178609535098076,1.0,0.7657200694084167,0.7757025957107544,0.1339783808961224
1226,0.04610155150294304,1.0,0.767241358757019,0.7786263823509216,0.1891520969660811
1227,0.04335081949830055,1.0,0.7697768807411194,0.7805954813957214,0.17662659838928255
1228,0.04109300300478935,1.0,0.7763691544532776,0.781609833240509,0.1958538879919109
1229,0.059189341962337494,1.0,0.7712981700897217,0.7815501689910889,0.24225013636691795
1230,0.03231170400977135,1.0,0.767241358757019,0.7819082140922546,0.24645711878480753
1231,0.020809819921851158,1.0,0.7657200694084167,0.7794020771980286,0.12764332031230702
1232,0.03662357106804848,1.0,0.7616632580757141,0.7797004580497742,0.20110299438086773
1233,0.03494090214371681,1.0,0.7631845474243164,0.7788053750991821,0.21480371363971834
1234,0.052916884422302246,1.0,0.7677484750747681,0.7802971601486206,0.31997520384302996
1235,0.03456663712859154,1.0,0.772819459438324,0.7785070538520813,0.1872363664543783
1236,0.033169906586408615,1.0,0.7677484750747681,0.7749865651130676,0.19172661026493432
1237,0.0350988507270813,1.0,0.7616632580757141,0.7703323364257812,0.12573976767248546
1238,0.03426247462630272,1.0,0.7576064467430115,0.7671698331832886,0.22579600481464715
1239,0.04365432262420654,1.0,0.7621703743934631,0.7675278782844543,0.24367869052369134
1240,0.04686598852276802,1.0,0.7641987800598145,0.771048367023468,0.2458017969581653
1241,0.04541890695691109,1.0,0.7641987800598145,0.7736738324165344,0.14796040817683823
1242,0.03417154774069786,1.0,0.7682555317878723,0.7722417712211609,0.20845393134939105
1243,0.034800317138433456,1.0,0.767241358757019,0.7708097100257874,0.1788651413012873
1244,0.03552894666790962,1.0,0.7662271857261658,0.7687809467315674,0.23488943989702277
1245,0.03225075826048851,1.0,0.7682555317878723,0.7667521834373474,0.2435427674083126
1246,0.04027506336569786,1.0,0.7662271857261658,0.766155481338501,0.31655604519991787
1247,0.030118487775325775,1.0,0.7601419687271118,0.765379786491394,0.1327588846790436
1248,0.0314590148627758,1.0,0.7652129530906677,0.769019603729248,0.16247728393611607
1249,0.04158759117126465,1.0,0.7641987800598145,0.7728384733200073,0.23128587194772876
1250,0.03613407164812088,1.0,0.7712981700897217,0.7739124894142151,0.1500921776300187
1251,0.03135482594370842,1.0,0.7743407487869263,0.7722417712211609,0.11616454198039301
1252,0.05985209718346596,1.0,0.767241358757019,0.7684825658798218,0.26097769716423763
1253,0.04400220140814781,1.0,0.7586206793785095,0.7633510231971741,0.17108091500302544
1254,0.041254859417676926,1.0,0.7586206793785095,0.7666328549385071,0.22786436276590794
1255,0.0423542819917202,1.0,0.7647058367729187,0.7699146270751953,0.1710351899420228
1256,0.03898555040359497,1.0,0.7707910537719727,0.7745688557624817,0.18919447460609462
1257,0.04597600921988487,1.0,0.7768762707710266,0.7791037559509277,0.21845296891507324
1258,0.040485404431819916,1.0,0.7748478651046753,0.7815501689910889,0.15597989982596056
1259,0.04501595348119736,1.0,0.7768762707710266,0.7807148098945618,0.12439483429909488
1260,0.038953717797994614,1.0,0.7692697644233704,0.7798794507980347,0.12862666986862928
1261,0.03765504062175751,1.0,0.7662271857261658,0.7800584435462952,0.2145492892129916
1262,0.03477521613240242,1.0,0.767241358757019,0.7775523662567139,0.10800212682557218
1263,0.0430915467441082,1.0,0.7652129530906677,0.7761202454566956,0.23760773117890566
1264,0.031067444011569023,1.0,0.7687626481056213,0.7774329781532288,0.13919866800132588
1265,0.030142607167363167,1.0,0.767241358757019,0.7798794507980347,0.19141106343510292
1266,0.03431098908185959,1.0,0.772312343120575,0.7826242446899414,0.15785869878285383
1267,0.02552191913127899,1.0,0.7712981700897217,0.7850707173347473,0.0856893067868705
1268,0.029047144576907158,1.0,0.7718052268028259,0.7849513292312622,0.2414718774736136
1269,0.022893713787198067,1.0,0.772819459438324,0.7813115119934082,0.08167783660503933
1270,0.03343072906136513,1.0,0.7712981700897217,0.781251847743988,0.2484518935105177
1271,0.03856164216995239,1.0,0.7738336324691772,0.782027542591095,0.16194178424998437
1272,0.03588791564106941,1.0,0.7707910537719727,0.7790440917015076,0.21262335862820486
1273,0.03318529948592186,1.0,0.7712981700897217,0.7773136496543884,0.34835994390153957
1274,0.03489284589886665,1.0,0.7753549218177795,0.7780893445014954,0.1856097038460908
1275,0.02736750803887844,1.0,0.7748478651046753,0.778745710849762,0.2014504567009483
1276,0.0326659269630909,1.0,0.7768762707710266,0.7804164886474609,0.14525607798216705
1277,0.030841436237096786,1.0,0.7783975601196289,0.7806551456451416,0.20738293989222115
1278,0.025779975578188896,1.0,0.7702839374542236,0.7771943211555481,0.17711742716061915
1279,0.03426077961921692,1.0,0.7718052268028259,0.7785070538520813,0.24006438987815804
1280,0.04717237874865532,1.0,0.767241358757019,0.7770749926567078,0.2073213658914184
1281,0.048580680042505264,1.0,0.7677484750747681,0.7750462293624878,0.15719932699060815
1282,0.049112945795059204,1.0,0.7692697644233704,0.7762992978096008,0.23776488268240495
1283,0.0315374881029129,1.0,0.772312343120575,0.7766572833061218,0.09678325074132635
1284,0.02544703334569931,0.998985767364502,0.7707910537719727,0.7740915417671204,0.14814666526289008
1285,0.055531516671180725,0.998985767364502,0.7621703743934631,0.7703323364257812,0.21559424808833863
1286,0.03252691775560379,0.998985767364502,0.7576064467430115,0.7713467478752136,0.18996153629656778
1287,0.030173586681485176,0.998985767364502,0.7576064467430115,0.7689002752304077,0.09651729772336314
1288,0.05303490161895752,1.0,0.7606490850448608,0.7689599394798279,0.45876013649013236
1289,0.02852909080684185,1.0,0.7606490850448608,0.7705113291740417,0.19005145095456819
1290,0.03276832029223442,1.0,0.7586206793785095,0.7718837261199951,0.238331229924934
1291,0.04337063804268837,1.0,0.7545638680458069,0.7709887027740479,0.2288090649831753
1292,0.04901536926627159,1.0,0.7570993900299072,0.7700340151786804,0.1705155071627173
1293,0.05561652407050133,1.0,0.7555781006813049,0.7712273597717285,0.2479266907153941
1294,0.03730875253677368,1.0,0.7581135630607605,0.7712273597717285,0.19468084729092158
1295,0.03150339052081108,1.0,0.7576064467430115,0.772301435470581,0.14562141845717141
1296,0.03250832110643387,1.0,0.7576064467430115,0.7734351754188538,0.254992799203898
1297,0.04125310853123665,1.0,0.7596348524093628,0.7761799693107605,0.32972313981927814
1298,0.04720345139503479,1.0,0.7611561417579651,0.7772539854049683,0.24317433149476572
1299,0.03770996257662773,0.998985767364502,0.7641987800598145,0.7768959999084473,0.1914301256973408
1300,0.03694026172161102,0.998985767364502,0.7641987800598145,0.7797004580497742,0.20890953274992632
1301,0.03435960412025452,1.0,0.7626774907112122,0.7794020771980286,0.15451864529142506
1302,0.04266786947846413,1.0,0.7621703743934631,0.7777910232543945,0.2338057134891116
1303,0.054012592881917953,1.0,0.7611561417579651,0.7764782905578613,0.42047127159654296
1304,0.05086091533303261,1.0,0.7601419687271118,0.7759412527084351,0.31796980550575116
1305,0.03727540373802185,1.0,0.7596348524093628,0.7773136496543884,0.2513815463440997
1306,0.045548953115940094,1.0,0.7611561417579651,0.7770153284072876,0.20016003748960987
1307,0.04691717028617859,1.0,0.7631845474243164,0.7784473896026611,0.22958208880325714
1308,0.04105274751782417,1.0,0.7677484750747681,0.7800584435462952,0.2300859065599876
1309,0.038324546068906784,1.0,0.7647058367729187,0.7794020771980286,0.16780942230809676
1310,0.04249652102589607,1.0,0.76673424243927,0.7757025957107544,0.23301726575355722
1311,0.0405280701816082,1.0,0.7621703743934631,0.7737931609153748,0.13145618207903126
1312,0.04974846541881561,0.998985767364502,0.7631845474243164,0.7712870240211487,0.29494681208944673
1313,0.06708960235118866,0.998985767364502,0.7647058367729187,0.7715257406234741,0.2710097626700379
1314,0.049633968621492386,0.998985767364502,0.7712981700897217,0.7745091915130615,0.2596696397059046
1315,0.0426006056368351,1.0,0.7657200694084167,0.7765976190567017,0.2663520853039717
1316,0.03620259463787079,1.0,0.767241358757019,0.777970016002655,0.3373865178901776
1317,0.035246383398771286,1.0,0.7636916637420654,0.7780296802520752,0.21898296802416664
1318,0.050932761281728745,1.0,0.7697768807411194,0.7792827486991882,0.3934044310638011
1319,0.04104244336485863,1.0,0.7641987800598145,0.7773733139038086,0.1571269652999624
1320,0.022563720121979713,1.0,0.7596348524093628,0.7777910232543945,0.12568654778642294
1321,0.06419853121042252,1.0,0.7576064467430115,0.7770749926567078,0.2805249766615345
1322,0.04387073218822479,1.0,0.7555781006813049,0.7761202454566956,0.24930126583983056
1323,0.04005791246891022,1.0,0.7555781006813049,0.774688184261322,0.2824376256269103
1324,0.0440080501139164,1.0,0.7525354623794556,0.7722417712211609,0.34858322793749663
1325,0.06572344154119492,1.0,0.7525354623794556,0.767766535282135,0.3567198459816382
1326,0.05151883885264397,1.0,0.7520284056663513,0.7654394507408142,0.2925426216187093
1327,0.04259404540061951,0.998985767364502,0.7505070567131042,0.7634703516960144,0.20386943593913498
1328,0.0590435229241848,0.998985767364502,0.7535496950149536,0.7630526423454285,0.3090363838216714
1329,0.0456448569893837,0.998985767364502,0.7565922737121582,0.7649620771408081,0.21219779111377132
1330,0.054833583533763885,1.0,0.7591277956962585,0.7659764885902405,0.23060043431530214
1331,0.05041767656803131,1.0,0.7586206793785095,0.7654991149902344,0.18570079427340375
1332,0.04619792476296425,1.0,0.7606490850448608,0.7667521834373474,0.24887822593119346
1333,0.03432391211390495,1.0,0.7570993900299072,0.7651410698890686,0.16029762434771794
1334,0.054086100310087204,1.0,0.7515212893486023,0.7625753283500671,0.17979470204144873
1335,0.04651055485010147,1.0,0.7520284056663513,0.7669908404350281,0.235904628478993
1336,0.04779395833611488,1.0,0.7520284056663513,0.7663344740867615,0.25002585361851065
1337,0.04344459995627403,1.0,0.7515212893486023,0.7640670537948608,0.16783496757849398
1338,0.05434276536107063,1.0,0.7540567517280579,0.7668715119361877,0.18059627669949574
1339,0.047015175223350525,1.0,0.7591277956962585,0.7702130079269409,0.2197910626351552
1340,0.035037994384765625,1.0,0.7626774907112122,0.7730174660682678,0.2326636508374173
1341,0.04015772044658661,1.0,0.7626774907112122,0.7721821069717407,0.21530296823997502
1342,0.037212073802948,1.0,0.7647058367729187,0.7713467478752136,0.2861616174577116
1343,0.04262569174170494,1.0,0.7611561417579651,0.7717047333717346,0.24996873372793915
1344,0.042298413813114166,1.0,0.7616632580757141,0.7723610997200012,0.1768845044567963
1345,0.03283661603927612,0.998985767364502,0.7682555317878723,0.7725997567176819,0.13621213679172453
1346,0.04672655835747719,0.998985767364502,0.7682555317878723,0.7736141681671143,0.17570127968044105
1347,0.038764677941799164,1.0,0.76673424243927,0.7769556641578674,0.22336347900122477
1348,0.04991316422820091,1.0,0.7626774907112122,0.7791634202003479,0.22161968199891138
1349,0.04165557771921158,1.0,0.7652129530906677,0.7793424129486084,0.08905060915061354
1350,0.03231019899249077,1.0,0.7657200694084167,0.7786263823509216,0.1942255199299958
1351,0.031199034303426743,1.0,0.7616632580757141,0.777970016002655,0.14441797893299327
1352,0.047548290342092514,1.0,0.7555781006813049,0.7751655578613281,0.43784764189609393
1353,0.04060950502753258,1.0,0.7560851573944092,0.7734948396682739,0.149024211881857
1354,0.04495186358690262,1.0,0.7606490850448608,0.7746285200119019,0.17634408312403158
1355,0.06402453035116196,0.998985767364502,0.7591277956962585,0.7747478485107422,0.21682284828667578
1356,0.0462365560233593,0.998985767364502,0.7616632580757141,0.7731964588165283,0.21648325466222393
1357,0.036320760846138,0.998985767364502,0.7626774907112122,0.772719144821167,0.13661682744128298
1358,0.04436400532722473,1.0,0.7692697644233704,0.778387725353241,0.34620450421915244
1359,0.029939163476228714,1.0,0.76673424243927,0.7789844274520874,0.07945299159721271
1360,0.058997828513383865,1.0,0.76673424243927,0.7774926424026489,0.18836896301553097
1361,0.03420823812484741,1.0,0.7636916637420654,0.7756429314613342,0.26352738568237377
1362,0.02763170190155506,1.0,0.7606490850448608,0.7703323364257812,0.09811122332835856
1363,0.04771224409341812,1.0,0.7586206793785095,0.7699146270751953,0.1801599207392714
1364,0.04117351397871971,1.0,0.76673424243927,0.7728384733200073,0.20618063492322877
1365,0.05909102410078049,1.0,0.7682555317878723,0.7742705345153809,0.25354146595770566
1366,0.05205423757433891,1.0,0.767241358757019,0.7770153284072876,0.3164242127250012
1367,0.0367962047457695,1.0,0.767241358757019,0.7801777720451355,0.3221738994625412
1368,0.02960371971130371,1.0,0.76673424243927,0.7811325192451477,0.09841837439089632
1369,0.037639208137989044,1.0,0.7682555317878723,0.7797601222991943,0.15924945280682437
1370,0.045854583382606506,1.0,0.76673424243927,0.7771943211555481,0.1741510737422166
1371,0.03287522494792938,1.0,0.7641987800598145,0.7756429314613342,0.21137744215585835
1372,0.03454213961958885,1.0,0.7662271857261658,0.7749865651130676,0.19814912801914739
1373,0.053184401243925095,0.998985767364502,0.7682555317878723,0.7715257406234741,0.25349782305918306
1374,0.05357414856553078,1.0,0.76673424243927,0.7725400924682617,0.24615922985948357
1375,0.033840078860521317,1.0,0.7606490850448608,0.772659420967102,0.15538142179587666
1376,0.029652021825313568,0.998985767364502,0.7677484750747681,0.7744495272636414,0.16992059707078164
1377,0.04704060032963753,1.0,0.76673424243927,0.7770749926567078,0.21735730177288973
1378,0.0456882119178772,1.0,0.7712981700897217,0.7755236029624939,0.20788055714876807
1379,0.03776857629418373,1.0,0.7662271857261658,0.7733157873153687,0.21879050093299332
1380,0.027264593169093132,1.0,0.7631845474243164,0.7681245803833008,0.17169816593565812
1381,0.05344829708337784,1.0,0.7606490850448608,0.7671698331832886,0.2880919956170728
1382,0.04103580489754677,1.0,0.7576064467430115,0.7671698331832886,0.17595590913166426
1383,0.035324495285749435,1.0,0.7591277956962585,0.7651410698890686,0.20048023344171437
1384,0.033362165093421936,1.0,0.7596348524093628,0.7633510231971741,0.232600879168548
1385,0.03865024074912071,1.0,0.7596348524093628,0.7648427486419678,0.16343392386893366
1386,0.02567915990948677,1.0,0.7621703743934631,0.7654991149902344,0.16960769314466556
1387,0.030018124729394913,1.0,0.76673424243927,0.7689599394798279,0.237820910128479
1388,0.03095388039946556,1.0,0.7707910537719727,0.7717047333717346,0.1904535189588621
1389,0.033992066979408264,1.0,0.7697768807411194,0.7745091915130615,0.25799790468621736
1390,0.036180637776851654,1.0,0.7647058367729187,0.7740915417671204,0.15824785668762414
1391,0.03728792071342468,1.0,0.7662271857261658,0.7739721536636353,0.13873685200480174
1392,0.0512024462223053,1.0,0.7647058367729187,0.772719144821167,0.1777046140195063
1393,0.04404324293136597,1.0,0.7586206793785095,0.768184244632721,0.205404521599901
1394,0.04341990500688553,1.0,0.7626774907112122,0.7684229016304016,0.21275934853421885
1395,0.029249664396047592,1.0,0.7682555317878723,0.7721224427223206,0.11901367188183215
1396,0.02827603556215763,1.0,0.7697768807411194,0.7754042148590088,0.11292475275194717
1397,0.022746454924345016,1.0,0.7712981700897217,0.7779103517532349,0.18187626023962655
1398,0.03151469677686691,1.0,0.7687626481056213,0.7788650393486023,0.20991143475877738
1399,0.028829969465732574,1.0,0.767241358757019,0.7777313590049744,0.16888427444916151
1400,0.026394223794341087,1.0,0.7687626481056213,0.7761202454566956,0.15136509846313428
1401,0.02751454897224903,1.0,0.7652129530906677,0.774330198764801,0.28323745833506103
1402,0.029017653316259384,1.0,0.7626774907112122,0.7717047333717346,0.1004321443354789
1403,0.03690733388066292,1.0,0.76673424243927,0.7702726721763611,0.17226332218407817
1404,0.024097036570310593,1.0,0.767241358757019,0.7737334966659546,0.23286141515290149
1405,0.018148789182305336,1.0,0.7662271857261658,0.7752252221107483,0.13582706524402985
1406,0.03915197774767876,1.0,0.767241358757019,0.7761799693107605,0.2110384564925473
1407,0.04586067050695419,1.0,0.7697768807411194,0.7768959999084473,0.31396788112732166
1408,0.028252674266695976,1.0,0.7641987800598145,0.7711080312728882,0.20042713541447274
1409,0.032742924988269806,1.0,0.7636916637420654,0.7678261995315552,0.21922399914194993
1410,0.041713908314704895,1.0,0.7631845474243164,0.7689599394798279,0.23725092861449032
1411,0.03789160028100014,1.0,0.7677484750747681,0.7708693742752075,0.340468266501921
1412,0.03666307404637337,1.0,0.7697768807411194,0.7715854048728943,0.16714781338793722
1413,0.03383379802107811,1.0,0.76673424243927,0.7720030546188354,0.30480082939549513
1414,0.041887685656547546,1.0,0.7712981700897217,0.7721224427223206,0.26953979465472705
1415,0.02242846041917801,1.0,0.7647058367729187,0.7709887027740479,0.15946498072217194
1416,0.03978203237056732,1.0,0.7641987800598145,0.7672892212867737,0.3016056035020777
1417,0.03459995239973068,1.0,0.7606490850448608,0.7671698331832886,0.12129725921138623
1418,0.07168404012918472,1.0,0.7636916637420654,0.7678858637809753,0.25159669056347206
1419,0.04131598770618439,1.0,0.7596348524093628,0.7683035731315613,0.23712048910815936
1420,0.05359691381454468,1.0,0.7606490850448608,0.7663344740867615,0.2207283527570509
1421,0.03692227602005005,1.0,0.7525354623794556,0.7634703516960144,0.13067653639122834
1422,0.054932236671447754,1.0,0.7550709843635559,0.7638880610466003,0.2989459206668943
1423,0.06621339172124863,1.0,0.7570993900299072,0.7637686729431152,0.37382790531702237
1424,0.050464432686567307,1.0,0.7606490850448608,0.7625753283500671,0.11653792835778946
1425,0.03304297849535942,1.0,0.7621703743934631,0.7637686729431152,0.17883494351373821
1426,0.057404208928346634,1.0,0.767241358757019,0.7663344740867615,0.20394839191362799
1427,0.05283153057098389,1.0,0.7707910537719727,0.7674682140350342,0.25584099316022013
1428,0.044233497232198715,1.0,0.7707910537719727,0.7644847631454468,0.21776608600836428
1429,0.03316260874271393,1.0,0.7657200694084167,0.7631720304489136,0.2276955874012749
1430,0.041110821068286896,1.0,0.7621703743934631,0.762515664100647,0.19698361815737825
1431,0.024263402447104454,1.0,0.7565922737121582,0.7635896801948547,0.16095199242200886
1432,0.04739588126540184,1.0,0.75,0.7583388090133667,0.3601698292915478
1433,0.0701887458562851,1.0,0.7520284056663513,0.7576227784156799,0.29366194154558134
1434,0.04010182246565819,1.0,0.7540567517280579,0.7576824426651001,0.1608960335303147
1435,0.05251793563365936,1.0,0.7581135630607605,0.7613819241523743,0.2611797261547793
1436,0.041027240455150604,1.0,0.7611561417579651,0.7663344740867615,0.2948602946685281
1437,0.03618166595697403,1.0,0.7636916637420654,0.7673488855361938,0.10745830690250587
1438,0.0465991385281086,1.0,0.7647058367729187,0.767408549785614,0.1754442099479273
1439,0.038283176720142365,1.0,0.7636916637420654,0.7658571600914001,0.15885057178067077
1440,0.0554015077650547,1.0,0.7611561417579651,0.7635896801948547,0.33886139132283727
1441,0.04850747808814049,1.0,0.7545638680458069,0.7643653750419617,0.1650930443026259
1442,0.03493669629096985,1.0,0.7535496950149536,0.7624559998512268,0.2272554793846388
1443,0.05294505134224892,1.0,0.7515212893486023,0.7638283967971802,0.2957696025795265
1444,0.027642326429486275,1.0,0.7540567517280579,0.7665731906890869,0.2059387418380894
1445,0.03820175677537918,1.0,0.7570993900299072,0.7654991149902344,0.13415163055582136
1446,0.03483307734131813,1.0,0.7540567517280579,0.7669311761856079,0.2858230562471337
1447,0.04344986379146576,1.0,0.7545638680458069,0.7660361528396606,0.18964447351415026
1448,0.05143456161022186,1.0,0.7530425786972046,0.7646637558937073,0.2543606182118245
1449,0.042814113199710846,0.998985767364502,0.7515212893486023,0.7627543210983276,0.2125553236231915
1450,0.051432255655527115,1.0,0.7515212893486023,0.7607255578041077,0.34077371627239683
1451,0.03197305276989937,1.0,0.7550709843635559,0.7590548396110535,0.19049666273359625
1452,0.0645115077495575,1.0,0.7560851573944092,0.7583388090133667,0.255483474728015
1453,0.05052582547068596,1.0,0.7586206793785095,0.7631720304489136,0.272013978792773
1454,0.03522791713476181,1.0,0.7611561417579651,0.7687212824821472,0.17224582943295633
1455,0.03726531192660332,1.0,0.7606490850448608,0.769019603729248,0.15371371555050872
1456,0.05805438756942749,1.0,0.7565922737121582,0.7682439088821411,0.19464121923883082
1457,0.033470381051301956,1.0,0.7621703743934631,0.7674682140350342,0.09608773729860724
1458,0.03845171630382538,1.0,0.7621703743934631,0.7646040916442871,0.16485685737671835
1459,0.04326190426945686,1.0,0.7626774907112122,0.7631123661994934,0.36261255843008494
1460,0.03518498316407204,1.0,0.7626774907112122,0.7652604579925537,0.24989458160526903
1461,0.039949577301740646,1.0,0.7586206793785095,0.767408549785614,0.20214688571268874
1462,0.03776245936751366,1.0,0.7596348524093628,0.768661618232727,0.24263283881111172
1463,0.048215389251708984,1.0,0.7616632580757141,0.7702130079269409,0.25291235723341227
1464,0.05747169256210327,1.0,0.7570993900299072,0.7688406109809875,0.3135286737671668
1465,0.02801976539194584,1.0,0.7616632580757141,0.7693179845809937,0.1339704361066068
1466,0.03410055488348007,1.0,0.7631845474243164,0.7683632373809814,0.15759812267314158
1467,0.03549070656299591,1.0,0.7621703743934631,0.7674682140350342,0.15477021707972696
1468,0.045767322182655334,1.0,0.7596348524093628,0.7701533436775208,0.3793291655710799
1469,0.047528255730867386,1.0,0.7606490850448608,0.771824061870575,0.24234246612006222
1470,0.04174311086535454,1.0,0.7591277956962585,0.7682439088821411,0.3301086236861835
1471,0.042170390486717224,1.0,0.7687626481056213,0.7707500457763672,0.473496916607481
1472,0.04222474619746208,1.0,0.7702839374542236,0.7727788090705872,0.2972721991661731
1473,0.05236727371811867,1.0,0.7738336324691772,0.774688184261322,0.2628331455397756
1474,0.03734928369522095,1.0,0.7687626481056213,0.7737931609153748,0.20497339024497957
1475,0.05592174828052521,1.0,0.7687626481056213,0.7748075723648071,0.1817779021670288
1476,0.052040185779333115,1.0,0.76673424243927,0.7733754515647888,0.26061757521851425
1477,0.038368210196495056,1.0,0.7687626481056213,0.7724207639694214,0.2154122544300929
1478,0.06526951491832733,1.0,0.7677484750747681,0.7720030546188354,0.17020141105253914
1479,0.048178885132074356,1.0,0.7631845474243164,0.7723610997200012,0.16407258344119025
1480,0.05364946648478508,1.0,0.7616632580757141,0.7737334966659546,0.20720121459366475
1481,0.03517233207821846,1.0,0.7626774907112122,0.7729578018188477,0.1966215798303722
1482,0.05882425606250763,1.0,0.7606490850448608,0.7728384733200073,0.1613282328940403
1483,0.03807087987661362,1.0,0.7581135630607605,0.7703920006752014,0.1809462478622461
1484,0.04469522833824158,1.0,0.7581135630607605,0.7687212824821472,0.1587414802355442
1485,0.05461637303233147,1.0,0.7555781006813049,0.766513466835022,0.20999623650337126
1486,0.0391571931540966,1.0,0.75,0.7617996335029602,0.18611849127801733
1487,0.038864511996507645,1.0,0.748985767364502,0.7600095272064209,0.22729838259533575
1488,0.05335339158773422,1.0,0.7510141730308533,0.7623963356018066,0.15254107811606743
1489,0.05108696594834328,1.0,0.7555781006813049,0.7663344740867615,0.24565582178867407
1490,0.03969195485115051,1.0,0.7631845474243164,0.7687212824821472,0.2158115134631187
1491,0.04345603659749031,1.0,0.772312343120575,0.7733157873153687,0.24016452387479542
1492,0.030427824705839157,1.0,0.7718052268028259,0.7748672366142273,0.17497292615505355
1493,0.05007893592119217,1.0,0.772312343120575,0.7759412527084351,0.32775945851246974
1494,0.03932230919599533,1.0,0.76673424243927,0.7752848863601685,0.10186407865198908
1495,0.028780899941921234,1.0,0.7616632580757141,0.7728384733200073,0.1732700697635149
1496,0.041138868778944016,1.0,0.7662271857261658,0.7741512060165405,0.19190911861956803
1497,0.04585139825940132,1.0,0.7697768807411194,0.7788650393486023,0.17612199072943405
1498,0.04063921421766281,1.0,0.772819459438324,0.7801777720451355,0.1919846043651526
1499,0.036182984709739685,1.0,0.773326575756073,0.7809535264968872,0.13870073998197557
1500,0.038441043347120285,1.0,0.76673424243927,0.7818485498428345,0.16816114457985626
1501,0.027551602572202682,1.0,0.7677484750747681,0.7820872068405151,0.10350804127879101
1502,0.027847489342093468,1.0,0.76673424243927,0.7822065353393555,0.17069236060149903
1503,0.029954342171549797,1.0,0.7677484750747681,0.7840563058853149,0.2002716663451514
1504,0.027105795219540596,1.0,0.7662271857261658,0.7837579846382141,0.1352402614691789
1505,0.05390884727239609,1.0,0.7677484750747681,0.783638596534729,0.1551192384111369
1506,0.03254368528723717,1.0,0.7687626481056213,0.7810728549957275,0.14389587009596555
1507,0.024988483637571335,1.0,0.7662271857261658,0.7797601222991943,0.17384245219654718
1508,0.03688877075910568,1.0,0.7626774907112122,0.7773136496543884,0.18990601662889073
1509,0.022937430068850517,1.0,0.7586206793785095,0.7741512060165405,0.09698395467660458
1510,0.02761075273156166,1.0,0.7570993900299072,0.7742705345153809,0.12792862733771854
1511,0.04065319895744324,1.0,0.7616632580757141,0.7762992978096008,0.2100993744148812
1512,0.01989508979022503,1.0,0.7657200694084167,0.7782683968544006,0.22322378254133793
1513,0.0383903793990612,1.0,0.7687626481056213,0.7802971601486206,0.22430316872508746
1514,0.0345308817923069,1.0,0.7662271857261658,0.7815501689910889,0.10080640421984513
1515,0.024723490700125694,1.0,0.7682555317878723,0.7788053750991821,0.1185282421873593
1516,0.03132810816168785,1.0,0.7692697644233704,0.7801777720451355,0.24242597632811813
1517,0.03739926218986511,1.0,0.7647058367729187,0.7773136496543884,0.1600633346061945
1518,0.04903694987297058,0.998985767364502,0.7591277956962585,0.7758219242095947,0.22397751639956387
1519,0.030250679701566696,0.998985767364502,0.7606490850448608,0.7739721536636353,0.21396520237359898
1520,0.042900651693344116,0.998985767364502,0.7596348524093628,0.772659420967102,0.2786559065694278
1521,0.02855607122182846,0.998985767364502,0.7626774907112122,0.7725997567176819,0.17912687937868904
1522,0.038615256547927856,0.998985767364502,0.7652129530906677,0.7728981375694275,0.1057006897414554
1523,0.03385821729898453,1.0,0.7682555317878723,0.7712273597717285,0.18881296214952908
1524,0.029413538053631783,1.0,0.7631845474243164,0.769795298576355,0.24416782117598734
1525,0.04311376437544823,1.0,0.7631845474243164,0.769019603729248,0.27275708548393174
1526,0.02415374666452408,1.0,0.7626774907112122,0.7691985964775085,0.13300776033212272
1527,0.03972163796424866,1.0,0.7616632580757141,0.7687809467315674,0.1602141085718732
1528,0.03968719765543938,1.0,0.7611561417579651,0.7696759700775146,0.21240382045209233
1529,0.02405758574604988,1.0,0.7631845474243164,0.7699146270751953,0.21220365868143656
1530,0.029878299683332443,1.0,0.7611561417579651,0.769437313079834,0.1212117142881663
1531,0.0449676550924778,1.0,0.7631845474243164,0.7684229016304016,0.1912485354135138
1532,0.040638674050569534,1.0,0.7591277956962585,0.7663344740867615,0.1105945976457588
1533,0.037170201539993286,1.0,0.7626774907112122,0.7664538025856018,0.24073828223243698
1534,0.04745263606309891,1.0,0.7707910537719727,0.7696759700775146,0.5089872487640609
1535,0.028646117076277733,1.0,0.7697768807411194,0.7702130079269409,0.2694213161162702
1536,0.03422565758228302,1.0,0.7682555317878723,0.7669908404350281,0.18293424694172358
1537,0.03993566706776619,1.0,0.7692697644233704,0.7685422301292419,0.28604756111161916
1538,0.037580110132694244,1.0,0.7626774907112122,0.7689599394798279,0.1814626565975615
1539,0.043979961425065994,1.0,0.7616632580757141,0.7648427486419678,0.19816353266065978
1540,0.03145275264978409,1.0,0.7555781006813049,0.7589354515075684,0.12282621823475885
1541,0.03983023017644882,1.0,0.7540567517280579,0.7569067478179932,0.30825216769150837
1542,0.03302710875868797,1.0,0.7591277956962585,0.7585178017616272,0.22597448796553118
1543,0.036718469113111496,1.0,0.7570993900299072,0.7616205811500549,0.26100987744353427
1544,0.03492984548211098,1.0,0.7550709843635559,0.7629929780960083,0.21097397082382754
1545,0.03495950624346733,1.0,0.7565922737121582,0.7631720304489136,0.1615750830394147
1546,0.029909737408161163,1.0,0.7545638680458069,0.7588757872581482,0.15931694576789623
1547,0.039746932685375214,1.0,0.7555781006813049,0.7586371302604675,0.32784155067221477
1548,0.06394822150468826,1.0,0.7555781006813049,0.7598901987075806,0.20398748668664476
1549,0.03752804175019264,1.0,0.7636916637420654,0.7605465650558472,0.1922479636907435
1550,0.03977808356285095,1.0,0.7626774907112122,0.7627543210983276,0.18335335439939032
1551,0.04133528470993042,1.0,0.7621703743934631,0.7631720304489136,0.3050763276647708
1552,0.030315391719341278,0.998985767364502,0.7586206793785095,0.7609642148017883,0.16887463897129584
1553,0.04142586141824722,1.0,0.7560851573944092,0.7564890384674072,0.3596883021021169
1554,0.043679676949977875,1.0,0.7520284056663513,0.7542216181755066,0.17800580740078242
1555,0.06398530304431915,1.0,0.7530425786972046,0.7550569772720337,0.2676334959219946
1556,0.04515372961759567,1.0,0.7581135630607605,0.7552956342697144,0.19045678623257306
1557,0.0395963191986084,1.0,0.7550709843635559,0.7563100457191467,0.2379400143627746
1558,0.0416024774312973,0.998985767364502,0.748985767364502,0.7553552985191345,0.21951825180510073
1559,0.06792622804641724,0.998985767364502,0.7505070567131042,0.759233832359314,0.39183727936628915
1560,0.04417050629854202,0.998985767364502,0.7576064467430115,0.7623366117477417,0.3134895755074212
1561,0.04048984497785568,1.0,0.7606490850448608,0.7622172832489014,0.2874037010829514
1562,0.0376785546541214,1.0,0.7550709843635559,0.760486900806427,0.26186727996010145
1563,0.04589021950960159,1.0,0.748985767364502,0.7587564587593079,0.14758484039438036
1564,0.055220168083906174,1.0,0.7565922737121582,0.7611432671546936,0.3240845307423582
1565,0.06853445619344711,1.0,0.7641987800598145,0.7631720304489136,0.1815926614532614
1566,0.047116369009017944,1.0,0.76673424243927,0.7633510231971741,0.21279402120998708
1567,0.04282784089446068,1.0,0.772312343120575,0.7640073895454407,0.2607541018642423
1568,0.05205404385924339,1.0,0.7687626481056213,0.7668118476867676,0.3110393438107239
1569,0.03751430660486221,1.0,0.767241358757019,0.7674682140350342,0.1956329006792271
1570,0.04200614616274834,1.0,0.7712981700897217,0.7695566415786743,0.32313156876906945
1571,0.03944361209869385,1.0,0.7697768807411194,0.7697356343269348,0.25821692884931596
1572,0.07315336167812347,1.0,0.7647058367729187,0.7675875425338745,0.22597872578828393
1573,0.032280802726745605,1.0,0.7652129530906677,0.7669311761856079,0.16727941137141056
1574,0.05759825184941292,1.0,0.7641987800598145,0.7669311761856079,0.317360798726851
1575,0.04620052129030228,1.0,0.7652129530906677,0.768661618232727,0.18025125369583042
1576,0.0533364973962307,1.0,0.7662271857261658,0.7708693742752075,0.22027817168303523
1577,0.04478652775287628,1.0,0.7697768807411194,0.7731367945671082,0.18912576078553353
1578,0.05337231978774071,1.0,0.7753549218177795,0.7748075723648071,0.2641717738219162
1579,0.050591032952070236,1.0,0.772819459438324,0.7734351754188538,0.1674184192035267
1580,0.050332728773355484,1.0,0.7718052268028259,0.7725400924682617,0.2710265346360718
1581,0.035895295441150665,1.0,0.7682555317878723,0.7698549628257751,0.2563137084758117
1582,0.05080164596438408,1.0,0.7697768807411194,0.7682439088821411,0.2814591047032478
1583,0.05070541426539421,1.0,0.767241358757019,0.7705113291740417,0.23977642457898748
1584,0.04693874716758728,1.0,0.7692697644233704,0.7720030546188354,0.12308027545536301
1585,0.04781148582696915,1.0,0.76673424243927,0.7739124894142151,0.15453845724160636
1586,0.04930001124739647,1.0,0.7707910537719727,0.7731367945671082,0.264461746394851
1587,0.0315256230533123,1.0,0.7692697644233704,0.7719433903694153,0.19932408402730775
1588,0.028045503422617912,1.0,0.7652129530906677,0.7705113291740417,0.13613796796980177
1589,0.046897586435079575,1.0,0.7662271857261658,0.7687809467315674,0.1528811468567409
1590,0.04182540997862816,1.0,0.76673424243927,0.7719433903694153,0.29125719457008636
1591,0.03312014043331146,1.0,0.7647058367729187,0.7732561230659485,0.1412307348928926
1592,0.03107284940779209,1.0,0.7662271857261658,0.7752848863601685,0.27804458902296625
1593,0.038089945912361145,1.0,0.7616632580757141,0.776716947555542,0.19318798525047517
1594,0.04748474061489105,1.0,0.7682555317878723,0.7783280611038208,0.2678820156455666
1595,0.0339120477437973,1.0,0.7702839374542236,0.7777313590049744,0.1707398622391512
1596,0.047371476888656616,0.998985767364502,0.7758620381355286,0.7774926424026489,0.1803856601768036
1597,0.05466137081384659,0.998985767364502,0.7687626481056213,0.7780296802520752,0.2740163858314456
1598,0.04754210636019707,1.0,0.7616632580757141,0.776716947555542,0.20986868357567445
1599,0.04410657286643982,1.0,0.7626774907112122,0.7727788090705872,0.31636332339359124
1600,0.047990720719099045,1.0,0.7586206793785095,0.7733754515647888,0.2651956507319245
1601,0.04692698270082474,1.0,0.7601419687271118,0.7742705345153809,0.1261345920922284
1602,0.027895236387848854,1.0,0.7555781006813049,0.7765379548072815,0.11915900901907336
1603,0.036491759121418,1.0,0.7652129530906677,0.778745710849762,0.19764583226070093
1604,0.029241040349006653,1.0,0.7591277956962585,0.7783280611038208,0.14926869347921812
1605,0.04013403505086899,1.0,0.7586206793785095,0.7757622599601746,0.27839270463162763
1606,0.02794184535741806,1.0,0.7560851573944092,0.7758815884590149,0.10217319973636464
1607,0.03714944049715996,1.0,0.7555781006813049,0.7742108702659607,0.23547884192741886
1608,0.04851086437702179,1.0,0.7545638680458069,0.7714064121246338,0.30082612521862423
1609,0.028082242235541344,1.0,0.7535496950149536,0.7687809467315674,0.13154021760735451
1610,0.03134103864431381,1.0,0.7560851573944092,0.7668118476867676,0.1341187538899714
1611,0.04594642296433449,1.0,0.7576064467430115,0.7706306576728821,0.23184225293097638
1612,0.02493588998913765,1.0,0.7616632580757141,0.771466076374054,0.15271761203651477
1613,0.041722673922777176,1.0,0.7591277956962585,0.7719433903694153,0.2126104929676299
1614,0.027664339169859886,1.0,0.7581135630607605,0.7725400924682617,0.18853094968196293
1615,0.04012971743941307,1.0,0.7621703743934631,0.7753445506095886,0.22041644528171633
1616,0.05984370410442352,1.0,0.7616632580757141,0.7762992978096008,0.1937976517645106
1617,0.0369134359061718,1.0,0.7570993900299072,0.7753445506095886,0.2759295557804581
1618,0.03280223533511162,1.0,0.7550709843635559,0.7721224427223206,0.2853010350082222
1619,0.047471050173044205,1.0,0.7515212893486023,0.7674682140350342,0.23035268543656645
1620,0.04229153320193291,1.0,0.7515212893486023,0.7683632373809814,0.1591648567255562
1621,0.0478215292096138,1.0,0.7525354623794556,0.7715257406234741,0.3666439903221891
1622,0.02862459421157837,1.0,0.7550709843635559,0.7720030546188354,0.21650310204785148
1623,0.03135176748037338,1.0,0.7550709843635559,0.7729578018188477,0.1945354378286672
1624,0.03071889467537403,1.0,0.7570993900299072,0.7734948396682739,0.11162006321913853
1625,0.04168739169836044,1.0,0.7560851573944092,0.7745688557624817,0.26153717708947444
1626,0.04343545064330101,1.0,0.7565922737121582,0.7728981375694275,0.15023610882152907
1627,0.06180804595351219,1.0,0.7555781006813049,0.7737334966659546,0.3320730065637992
1628,0.03305799141526222,1.0,0.7530425786972046,0.7739124894142151,0.2005243660768529
1629,0.045298345386981964,1.0,0.7576064467430115,0.7729578018188477,0.22628503671581005
1630,0.04958565533161163,1.0,0.7591277956962585,0.7750462293624878,0.28684105075573657
1631,0.0519087053835392,1.0,0.7641987800598145,0.7769556641578674,0.29371359251525103
1632,0.04888010397553444,1.0,0.7647058367729187,0.7778506875038147,0.3360311203139037
1633,0.04613126441836357,1.0,0.767241358757019,0.7733157873153687,0.24937819836093816
1634,0.058071576058864594,1.0,0.7606490850448608,0.7658571600914001,0.2794999873195514
1635,0.04722357541322708,1.0,0.7636916637420654,0.7628139853477478,0.32969043477067184
1636,0.07559036463499069,0.998985767364502,0.767241358757019,0.7645444273948669,0.26610066316705655
1637,0.06402020901441574,0.998985767364502,0.772819459438324,0.7670505046844482,0.2527498088659615
1638,0.045573025941848755,0.998985767364502,0.7758620381355286,0.7705709934234619,0.37988508239689744
1639,0.05232533439993858,0.998985767364502,0.7748478651046753,0.7703920006752014,0.3099897083696611
1640,0.058262698352336884,0.998985767364502,0.7743407487869263,0.7736738324165344,0.16309519847606865
1641,0.039965566247701645,0.998985767364502,0.7697768807411194,0.7727788090705872,0.20323466823468123
1642,0.045972876250743866,1.0,0.7677484750747681,0.7672295570373535,0.22168870673259136
1643,0.06226461008191109,1.0,0.7682555317878723,0.7683632373809814,0.20842851628354447
1644,0.04555416852235794,1.0,0.7712981700897217,0.7687212824821472,0.22024228430874332
1645,0.042484529316425323,1.0,0.7662271857261658,0.7687809467315674,0.2179020459349287
1646,0.037684131413698196,0.998985767364502,0.7647058367729187,0.7684825658798218,0.21664619208401845
1647,0.0377139076590538,0.998985767364502,0.7647058367729187,0.7684825658798218,0.3227924696547304
1648,0.04428873583674431,0.998985767364502,0.7652129530906677,0.7659764885902405,0.1883708178508469
1649,0.04797901213169098,1.0,0.7687626481056213,0.7671101689338684,0.20413988836896138
1650,0.046848833560943604,1.0,0.7662271857261658,0.7674682140350342,0.20336881831335882
1651,0.05032907426357269,1.0,0.7631845474243164,0.765379786491394,0.19469904754191042
1652,0.04408632963895798,1.0,0.7647058367729187,0.7655587792396545,0.35695105374844716
1653,0.04311633110046387,1.0,0.7631845474243164,0.766513466835022,0.23924766444197873
1654,0.02956545166671276,1.0,0.76673424243927,0.7686019539833069,0.3073871576948422
1655,0.05222112685441971,1.0,0.7647058367729187,0.7712870240211487,0.30363364392995035
1656,0.04676640406250954,0.998985767364502,0.7631845474243164,0.770690381526947,0.194411233915244
1657,0.047642242163419724,0.998985767364502,0.7626774907112122,0.7708097100257874,0.27750014625259667
1658,0.037933990359306335,1.0,0.7626774907112122,0.7715257406234741,0.18411710882832927
1659,0.03945368900895119,1.0,0.7616632580757141,0.772719144821167,0.17980050827631838
1660,0.03414454683661461,1.0,0.7616632580757141,0.772719144821167,0.20073309436029133
1661,0.03394191339612007,1.0,0.7611561417579651,0.7713467478752136,0.15165999175473593
1662,0.052613768726587296,1.0,0.7596348524093628,0.7728981375694275,0.26660174761140554
1663,0.03069356456398964,1.0,0.7647058367729187,0.7724804282188416,0.10272750651855206
1664,0.05292973294854164,1.0,0.7657200694084167,0.7740318179130554,0.23743716368208892
1665,0.040697719901800156,1.0,0.7702839374542236,0.7752848863601685,0.2356686333221847
1666,0.02959589846432209,1.0,0.7641987800598145,0.7748672366142273,0.17713552606212932
1667,0.03268849849700928,1.0,0.7687626481056213,0.7751655578613281,0.19092304121841697
1668,0.02173321694135666,1.0,0.7657200694084167,0.7747478485107422,0.12987425787339218
1669,0.04073357582092285,1.0,0.7677484750747681,0.776716947555542,0.232702637181992
1670,0.023463865742087364,1.0,0.7702839374542236,0.7779103517532349,0.26940828680469137
1671,0.03311110660433769,1.0,0.7687626481056213,0.7789247632026672,0.1340398883456482
1672,0.04257380962371826,1.0,0.7743407487869263,0.778745710849762,0.2887597796502619
1673,0.018439671024680138,1.0,0.7758620381355286,0.779640793800354,0.11149864539357127
1674,0.0345449224114418,1.0,0.7778904438018799,0.7789844274520874,0.168777217378549
1675,0.03682558238506317,1.0,0.7783975601196289,0.7788053750991821,0.23641037723415506
1676,0.03904825448989868,1.0,0.7768762707710266,0.7782087326049805,0.2131115135269403
1677,0.03928476572036743,1.0,0.7783975601196289,0.7797004580497742,0.20709792774027724
1678,0.036053530871868134,1.0,0.7809330224990845,0.7790440917015076,0.1747958616846937
1679,0.04178231582045555,1.0,0.7799188494682312,0.7792827486991882,0.11571651680874223
1680,0.046148497611284256,1.0,0.7743407487869263,0.7782087326049805,0.1969043561789228
1681,0.04589882493019104,1.0,0.7748478651046753,0.7754042148590088,0.22154992665404719
1682,0.03182489052414894,1.0,0.7738336324691772,0.7739124894142151,0.08961619994704417
1683,0.045246727764606476,0.998985767364502,0.7682555317878723,0.7735545039176941,0.20555814618636414
1684,0.057927217334508896,1.0,0.7687626481056213,0.7757622599601746,0.24392592180393347
1685,0.019895002245903015,1.0,0.767241358757019,0.7760605812072754,0.0765635444013019
1686,0.026639292016625404,1.0,0.773326575756073,0.7769556641578674,0.29176770637453203
1687,0.032336004078388214,1.0,0.7768762707710266,0.7784473896026611,0.1370342528210971
1688,0.03130052238702774,1.0,0.7789046764373779,0.7811325192451477,0.1736034347183103
1689,0.029554450884461403,1.0,0.7783975601196289,0.7824452519416809,0.1769836969508025
1690,0.040130406618118286,1.0,0.7753549218177795,0.7823855876922607,0.17348358254714186
1691,0.04561572149395943,1.0,0.76673424243927,0.7795811295509338,0.22007713753502217
1692,0.03443949297070503,1.0,0.7707910537719727,0.7801777720451355,0.2326169858873832
1693,0.03146359324455261,1.0,0.7702839374542236,0.783638596534729,0.2156577316596092
1694,0.0343853160738945,1.0,0.7753549218177795,0.7839966416358948,0.16372226498840411
1695,0.030885746702551842,1.0,0.7763691544532776,0.7846530079841614,0.15603887754205156
1696,0.027661874890327454,1.0,0.7758620381355286,0.7846530079841614,0.09552807115100151
1697,0.0295087993144989,1.0,0.7814401388168335,0.7828032374382019,0.1177284007558145
1698,0.03270091116428375,1.0,0.7773833274841309,0.7828629016876221,0.17147687252578372
1699,0.029003862291574478,1.0,0.7758620381355286,0.7805954813957214,0.18780540605418483
1700,0.037065476179122925,1.0,0.773326575756073,0.7801181077957153,0.2101193673827461
1701,0.03233920782804489,1.0,0.7702839374542236,0.7786860466003418,0.3170071640926297
1702,0.030708834528923035,1.0,0.7682555317878723,0.7754639387130737,0.14682914416832843
1703,0.045239754021167755,1.0,0.772819459438324,0.7805358171463013,0.2778882513847091
1704,0.032791618257761,1.0,0.7778904438018799,0.7833999395370483,0.11947616911740878
1705,0.039687786251306534,0.998985767364502,0.7768762707710266,0.7843546271324158,0.27840639946488827
1706,0.02665911614894867,0.998985767364502,0.7794117331504822,0.7827435731887817,0.11101462246899603
1707,0.040805310010910034,0.998985767364502,0.7773833274841309,0.7788053750991821,0.33329536932224907
1708,0.04788810387253761,0.998985767364502,0.7743407487869263,0.7745091915130615,0.2759996341004076
1709,0.054465748369693756,0.998985767364502,0.7692697644233704,0.7700936794281006,0.22510947621712957
1710,0.03989729657769203,1.0,0.7692697644233704,0.7733157873153687,0.22052809445383056
1711,0.051503755152225494,1.0,0.772819459438324,0.7758219242095947,0.34597573079049987
1712,0.0316048301756382,1.0,0.7743407487869263,0.7764186263084412,0.1391217678677191
1713,0.040594179183244705,1.0,0.7702839374542236,0.7738528251647949,0.2229108795359455
1714,0.03491238132119179,1.0,0.767241358757019,0.7697356343269348,0.16851905047370194
1715,0.03627250716090202,1.0,0.7641987800598145,0.7693179845809937,0.19300063126599337
1716,0.03222433477640152,1.0,0.7641987800598145,0.7683035731315613,0.15598886159922898
1717,0.048454996198415756,1.0,0.7611561417579651,0.7679455876350403,0.2430288932984775
1718,0.033604696393013,1.0,0.7616632580757141,0.7678858637809753,0.19743448495607802
1719,0.0343291275203228,1.0,0.7616632580757141,0.7712273597717285,0.21805811250288273
1720,0.042016346007585526,1.0,0.7697768807411194,0.7744495272636414,0.1993525695136186
1721,0.036921244114637375,1.0,0.7702839374542236,0.7772539854049683,0.18964248141456083
1722,0.043746281415224075,1.0,0.772819459438324,0.7770749926567078,0.18036847196693614
1723,0.04658640921115875,1.0,0.7768762707710266,0.7780296802520752,0.23136711068719037
1724,0.030452698469161987,1.0,0.7712981700897217,0.7746285200119019,0.15900959248216429
1725,0.05437101051211357,1.0,0.7596348524093628,0.770690381526947,0.3640812516848508
1726,0.03390355780720711,1.0,0.7616632580757141,0.7721224427223206,0.26588408056242974
1727,0.037089258432388306,1.0,0.7616632580757141,0.7754042148590088,0.1629038736520491
1728,0.035588230937719345,1.0,0.76673424243927,0.7768363356590271,0.23026244209054325
1729,0.039432037621736526,1.0,0.7647058367729187,0.7739124894142151,0.1857142195658648
1730,0.062404632568359375,1.0,0.7636916637420654,0.7737334966659546,0.27866841254688524
1731,0.0507388561964035,1.0,0.7652129530906677,0.7738528251647949,0.1339353096997073
1732,0.0443851538002491,1.0,0.7586206793785095,0.7712273597717285,0.1427215708931759
1733,0.03129788488149643,1.0,0.749492883682251,0.7646637558937073,0.234724717178669
1734,0.029918525367975235,1.0,0.7515212893486023,0.7636493444442749,0.2022994417623704
1735,0.04840511828660965,1.0,0.7545638680458069,0.7665731906890869,0.3755447686354217
1736,0.03934299945831299,1.0,0.7555781006813049,0.7729578018188477,0.1787171947280271
1737,0.033190518617630005,1.0,0.7596348524093628,0.7768959999084473,0.21916241057462624
1738,0.03644025698304176,1.0,0.7641987800598145,0.7757622599601746,0.3108244460921948
1739,0.04883762449026108,1.0,0.7586206793785095,0.7745688557624817,0.19564378320747894
1740,0.044522132724523544,1.0,0.7550709843635559,0.773077130317688,0.2084258368836237
1741,0.04086679592728615,1.0,0.7581135630607605,0.773077130317688,0.1591090881801429
1742,0.03989391028881073,1.0,0.7636916637420654,0.7757622599601746,0.22689567451406167
1743,0.029352640733122826,1.0,0.7652129530906677,0.7745688557624817,0.09806701675358265
1744,0.027641698718070984,1.0,0.7697768807411194,0.7755832672119141,0.22243585358383605
1745,0.03688435256481171,1.0,0.7707910537719727,0.7755236029624939,0.13388485709794443
1746,0.039522863924503326,1.0,0.7702839374542236,0.7753445506095886,0.24030889840952013
1747,0.03399859368801117,1.0,0.772312343120575,0.7755236029624939,0.2853914847478144
1748,0.034126318991184235,1.0,0.7712981700897217,0.7770749926567078,0.19630649550993642
1749,0.04009019583463669,1.0,0.7692697644233704,0.7753445506095886,0.293298757518242
1750,0.0473940372467041,1.0,0.7647058367729187,0.7731964588165283,0.2094837234217427
1751,0.03287676349282265,1.0,0.7641987800598145,0.7749865651130676,0.12358607119025088
1752,0.05667153745889664,1.0,0.7677484750747681,0.7778506875038147,0.3662640019059078
1753,0.030402475968003273,1.0,0.7692697644233704,0.7772539854049683,0.2514402132318289
1754,0.03895909711718559,1.0,0.7763691544532776,0.777970016002655,0.28443144195531167
1755,0.06224933639168739,1.0,0.773326575756073,0.7785667181015015,0.26465041918895715
1756,0.03490066155791283,1.0,0.7712981700897217,0.7788650393486023,0.1472387951587968
1757,0.03863123431801796,1.0,0.76673424243927,0.7764186263084412,0.3172580566225771
1758,0.03557732701301575,1.0,0.7677484750747681,0.7701533436775208,0.15571729861694758
1759,0.036244869232177734,1.0,0.7621703743934631,0.7669311761856079,0.11315158644720368
1760,0.04280054569244385,1.0,0.7652129530906677,0.7676472067832947,0.22125015941629564
1761,0.03419014811515808,1.0,0.7697768807411194,0.7687212824821472,0.22857447377746876
1762,0.043966326862573624,1.0,0.7702839374542236,0.7689599394798279,0.2216572537498287
1763,0.03750642389059067,1.0,0.7662271857261658,0.7688406109809875,0.13463510959484865
1764,0.05219592899084091,1.0,0.7636916637420654,0.7718837261199951,0.23353730411596155
1765,0.0402991883456707,1.0,0.7662271857261658,0.7727788090705872,0.20787103628079395
1766,0.03461432456970215,1.0,0.7687626481056213,0.773077130317688,0.19547879619732664
1767,0.050532400608062744,1.0,0.7692697644233704,0.7738528251647949,0.22215998866439834
1768,0.04505797475576401,1.0,0.7692697644233704,0.7731964588165283,0.22981016326762183
1769,0.031431250274181366,1.0,0.772312343120575,0.7759412527084351,0.21965602059884975
1770,0.04042099043726921,1.0,0.7738336324691772,0.7776716947555542,0.20267216510832717
1771,0.03989243134856224,1.0,0.773326575756073,0.7821468710899353,0.17965752716013816
1772,0.048158854246139526,1.0,0.7778904438018799,0.7826839089393616,0.26292973599442643
1773,0.030744142830371857,1.0,0.7824543714523315,0.783280611038208,0.1662382222047535
1774,0.05174960568547249,1.0,0.7834685444831848,0.781669557094574,0.1618435993199256
1775,0.030977299436926842,1.0,0.7804259657859802,0.7742705345153809,0.27093563224762934
1776,0.052870023995637894,1.0,0.7773833274841309,0.7736738324165344,0.2521995336494667
1777,0.04204978421330452,1.0,0.7829614281654358,0.7784473896026611,0.2951038400947299
1778,0.030174054205417633,1.0,0.7854969501495361,0.7811325192451477,0.2668036944981559
1779,0.042687442153692245,1.0,0.7834685444831848,0.7822661995887756,0.20027527851646035
1780,0.033652469515800476,1.0,0.7809330224990845,0.7819082140922546,0.16956556679112048
1781,0.03790171071887016,1.0,0.7844827175140381,0.7826839089393616,0.23969990234214283
1782,0.046897731721401215,1.0,0.7834685444831848,0.7804761528968811,0.30701337171278215
1783,0.03543132543563843,1.0,0.7839756608009338,0.7795214056968689,0.17172821046457404
1784,0.04616224020719528,1.0,0.7743407487869263,0.7709290385246277,0.20512945278882574
1785,0.06768469512462616,1.0,0.7677484750747681,0.766513466835022,0.3147321079656427
1786,0.05379486829042435,1.0,0.7738336324691772,0.7759412527084351,0.2919268832537401
1787,0.02756410837173462,1.0,0.7758620381355286,0.7814308404922485,0.11751095669051008
1788,0.031589869409799576,1.0,0.7794117331504822,0.7865027785301208,0.15129299975943475
1789,0.027457555755972862,1.0,0.7824543714523315,0.7873978018760681,0.0857284160852636
1790,0.030569830909371376,1.0,0.7778904438018799,0.7839966416358948,0.28036327733527855
1791,0.04887309670448303,1.0,0.7753549218177795,0.7795811295509338,0.2591628353962981
1792,0.03910541906952858,1.0,0.7682555317878723,0.7743898630142212,0.17073036364971456
1793,0.032277319580316544,1.0,0.7611561417579651,0.771048367023468,0.12407437249028348
1794,0.05017276480793953,1.0,0.7641987800598145,0.7705113291740417,0.17660575695109829
1795,0.04095510020852089,1.0,0.7687626481056213,0.773077130317688,0.37573113307487077
1796,0.05576121062040329,1.0,0.7702839374542236,0.7757025957107544,0.20007746409471028
1797,0.04351412132382393,1.0,0.767241358757019,0.7761799693107605,0.29735491183787144
1798,0.031783442944288254,1.0,0.7657200694084167,0.7740915417671204,0.17766147643415092
1799,0.04747786000370979,1.0,0.7601419687271118,0.7713467478752136,0.20357782028178958
1800,0.03651399537920952,1.0,0.7596348524093628,0.7671101689338684,0.3036406941701298
1801,0.057184554636478424,1.0,0.7565922737121582,0.7647234201431274,0.1791011924009521
1802,0.04957835376262665,1.0,0.7535496950149536,0.7607852220535278,0.29659836251316524
1803,0.051154062151908875,1.0,0.7560851573944092,0.7607852220535278,0.19805063316359545
1804,0.034052882343530655,1.0,0.7601419687271118,0.7659764885902405,0.3507720731471357
1805,0.055093999952077866,1.0,0.7636916637420654,0.7731964588165283,0.2536322018177478
1806,0.04501671716570854,1.0,0.7626774907112122,0.7735545039176941,0.307673806240831
1807,0.03135811910033226,1.0,0.7576064467430115,0.7692582607269287,0.19574920905724805
1808,0.052175555378198624,1.0,0.7570993900299072,0.7687212824821472,0.2202160965136955
1809,0.049136824905872345,1.0,0.7626774907112122,0.769019603729248,0.20640232276236584
1810,0.05892392620444298,1.0,0.7647058367729187,0.7699146270751953,0.19801378987717472
1811,0.04715672880411148,1.0,0.7636916637420654,0.7686019539833069,0.3018401529190841
1812,0.0343584306538105,1.0,0.7581135630607605,0.7671698331832886,0.16497000625558955
1813,0.038381364196538925,1.0,0.7606490850448608,0.7659168243408203,0.15035953585979986
1814,0.04394682124257088,1.0,0.7662271857261658,0.7705113291740417,0.1874416245778603
1815,0.03779489919543266,1.0,0.7641987800598145,0.7728981375694275,0.19862649961333737
1816,0.04168645665049553,1.0,0.7647058367729187,0.7758815884590149,0.21568616607325022
1817,0.038075923919677734,1.0,0.7662271857261658,0.7770153284072876,0.27840119124129054
1818,0.04404415562748909,1.0,0.7641987800598145,0.7769556641578674,0.20341324996896373
1819,0.02510683611035347,1.0,0.7616632580757141,0.7746285200119019,0.2071743812671232
1820,0.05106016993522644,1.0,0.7596348524093628,0.7749865651130676,0.17619487521434937
1821,0.049385834485292435,1.0,0.7616632580757141,0.7795214056968689,0.2648299532343537
1822,0.028735488653182983,1.0,0.76673424243927,0.7829822301864624,0.15280199948706463
1823,0.048226967453956604,1.0,0.7697768807411194,0.7841756343841553,0.45204148471208794
1824,0.04447897896170616,1.0,0.7641987800598145,0.7831016182899475,0.23680924751644736
1825,0.04939420148730278,1.0,0.7652129530906677,0.7770749926567078,0.30949990982548026
1826,0.04219399765133858,1.0,0.7626774907112122,0.7755832672119141,0.2689971271668994
1827,0.05287767946720123,1.0,0.7626774907112122,0.7764186263084412,0.3701515798757899
1828,0.03959045931696892,0.998985767364502,0.7641987800598145,0.7731964588165283,0.2180630497413149
1829,0.059447359293699265,0.998985767364502,0.7626774907112122,0.772659420967102,0.21376922724263875
1830,0.04795839637517929,0.998985767364502,0.7621703743934631,0.7724804282188416,0.1597296858848877
1831,0.04618195444345474,0.998985767364502,0.7662271857261658,0.7697356343269348,0.20321381570451538
1832,0.05913865566253662,1.0,0.7606490850448608,0.7679455876350403,0.2260629371993044
1833,0.053894754499197006,1.0,0.7596348524093628,0.7652007937431335,0.21117878009520796
1834,0.05256200209259987,0.998985767364502,0.7616632580757141,0.7636493444442749,0.1859279451160855
1835,0.07201326638460159,1.0,0.7616632580757141,0.7703920006752014,0.3470299465895815
1836,0.04006367549300194,1.0,0.7616632580757141,0.7667521834373474,0.1624042682625539
1837,0.06027153506875038,1.0,0.7647058367729187,0.7671698331832886,0.24230119220938023
1838,0.056546371430158615,1.0,0.7662271857261658,0.7730174660682678,0.30819585226925966
1839,0.055173393338918686,1.0,0.7647058367729187,0.7762396335601807,0.3709410761252457
1840,0.05105805769562721,1.0,0.7707910537719727,0.7777313590049744,0.20304413957179232
1841,0.04620514065027237,1.0,0.7712981700897217,0.779998779296875,0.16226744036078625
1842,0.045598842203617096,1.0,0.7758620381355286,0.7793424129486084,0.3368938356883454
1843,0.04828141629695892,1.0,0.7768762707710266,0.7793424129486084,0.21214518437501298
1844,0.042169660329818726,1.0,0.7712981700897217,0.7757622599601746,0.17581586784309974
1845,0.031054595485329628,1.0,0.7657200694084167,0.7715257406234741,0.21385974197801874
1846,0.04937499016523361,1.0,0.7591277956962585,0.7694969773292542,0.1793021684002173
1847,0.054036397486925125,0.998985767364502,0.7560851573944092,0.7700936794281006,0.17591515447664702
1848,0.05192070081830025,1.0,0.7626774907112122,0.7727788090705872,0.26675551535469294
1849,0.048033252358436584,1.0,0.7682555317878723,0.774688184261322,0.23919277450630458
1850,0.036714695394039154,1.0,0.7647058367729187,0.7749269008636475,0.09487960372706769
1851,0.042728547006845474,1.0,0.7687626481056213,0.7740915417671204,0.1805364679282135
1852,0.0531018041074276,1.0,0.7636916637420654,0.7729578018188477,0.10336768555122228
1853,0.04498281702399254,1.0,0.7596348524093628,0.7705113291740417,0.13328188804292582
1854,0.03914419934153557,1.0,0.7616632580757141,0.7699146270751953,0.21227596740386837
1855,0.034626249223947525,1.0,0.7601419687271118,0.7693776488304138,0.1362140398208294
1856,0.04635366424918175,1.0,0.7616632580757141,0.769437313079834,0.2796587296652355
1857,0.040014270693063736,1.0,0.7662271857261658,0.7704516649246216,0.3125367883621417
1858,0.03551674634218216,1.0,0.7621703743934631,0.7709887027740479,0.1109035474818598
1859,0.030351221561431885,1.0,0.7652129530906677,0.7738528251647949,0.1844837993212923
1860,0.0270734503865242,1.0,0.7657200694084167,0.7756429314613342,0.22102738356098076
1861,0.029260480776429176,1.0,0.767241358757019,0.7776716947555542,0.2340063417365778
1862,0.03213541954755783,1.0,0.7662271857261658,0.7772539854049683,0.17268307504687852
1863,0.03786364197731018,1.0,0.767241358757019,0.777970016002655,0.17800022818479966
1864,0.02993403747677803,1.0,0.7682555317878723,0.7793424129486084,0.138885585949302
1865,0.03396102041006088,1.0,0.7707910537719727,0.7793424129486084,0.41358827768000855
1866,0.02925499901175499,1.0,0.7718052268028259,0.7792230844497681,0.2314088889915116
1867,0.03758268430829048,1.0,0.767241358757019,0.7765976190567017,0.23244333489703306
1868,0.03173557296395302,1.0,0.773326575756073,0.7770153284072876,0.24035158228194237
1869,0.047933436930179596,1.0,0.772312343120575,0.7786263823509216,0.1916582399878772
1870,0.05966717377305031,1.0,0.7748478651046753,0.7820872068405151,0.3417404726762722
1871,0.049210526049137115,1.0,0.7789046764373779,0.7792230844497681,0.1943860048208643
1872,0.07142015546560287,1.0,0.7763691544532776,0.7778506875038147,0.27914661324312995
1873,0.06652528792619705,1.0,0.7692697644233704,0.7767766118049622,0.25351634808674095
1874,0.039510391652584076,1.0,0.7662271857261658,0.7749269008636475,0.2052647122198345
1875,0.04064157232642174,1.0,0.7601419687271118,0.7722417712211609,0.23525155837261844
1876,0.05145663768053055,1.0,0.767241358757019,0.7769556641578674,0.3120814059082049
1877,0.05335833877325058,1.0,0.7662271857261658,0.7781490087509155,0.16987779098836295
1878,0.034331049770116806,1.0,0.7677484750747681,0.7813711762428284,0.16547448425383768
1879,0.03607746958732605,1.0,0.773326575756073,0.7794617414474487,0.15485471481796334
1880,0.044698234647512436,1.0,0.7738336324691772,0.7788053750991821,0.25592496757439953
1881,0.04475122690200806,1.0,0.772819459438324,0.7781490087509155,0.1470806064518125
1882,0.04004796966910362,1.0,0.7743407487869263,0.7789247632026672,0.1828499109027427
1883,0.042886242270469666,1.0,0.7753549218177795,0.7808938026428223,0.1418180860008351
1884,0.0335000678896904,1.0,0.7763691544532776,0.7800584435462952,0.11211537675280218
1885,0.04595751315355301,1.0,0.7783975601196289,0.7810131907463074,0.33912293095466284
1886,0.03677477315068245,1.0,0.7783975601196289,0.7805358171463013,0.14487188744859733
1887,0.029740026220679283,1.0,0.772312343120575,0.7793424129486084,0.14690226129237266
1888,0.027092931792140007,1.0,0.773326575756073,0.7778506875038147,0.19230329314571154
1889,0.027473807334899902,1.0,0.772819459438324,0.777612030506134,0.11670814369040616
1890,0.03312451019883156,1.0,0.7758620381355286,0.7782087326049805,0.24440576020442054
1891,0.05398770794272423,1.0,0.7758620381355286,0.7789247632026672,0.22726223586444966
1892,0.031917132437229156,1.0,0.7753549218177795,0.7761799693107605,0.19654686390756257
1893,0.03297433257102966,1.0,0.7712981700897217,0.7729578018188477,0.3016926322783189
1894,0.03930218517780304,1.0,0.7601419687271118,0.7683632373809814,0.2096132703707355
1895,0.0326443687081337,1.0,0.7647058367729187,0.7672295570373535,0.17871995090013312
1896,0.03481266275048256,1.0,0.7662271857261658,0.7720030546188354,0.1921681637680236
1897,0.05941632390022278,1.0,0.7697768807411194,0.7758815884590149,0.3431540294027015
1898,0.03311055153608322,1.0,0.7707910537719727,0.7751655578613281,0.10964446088008759
1899,0.05033228546380997,1.0,0.7758620381355286,0.7788650393486023,0.2641734822619832
1900,0.03830144926905632,1.0,0.772819459438324,0.7783280611038208,0.16682560767454307
1901,0.05070323497056961,1.0,0.772819459438324,0.7778506875038147,0.2333350278474523
1902,0.046430282294750214,1.0,0.7718052268028259,0.7749865651130676,0.198355342430826
1903,0.04077274724841118,1.0,0.7718052268028259,0.7733157873153687,0.1901988134383406
1904,0.03431538864970207,1.0,0.7702839374542236,0.771048367023468,0.15636297621604067
1905,0.03175737336277962,1.0,0.7707910537719727,0.7716450691223145,0.21456807068979886
1906,0.03273304924368858,1.0,0.7712981700897217,0.7737931609153748,0.21815017453646332
1907,0.037243910133838654,1.0,0.7783975601196289,0.7778506875038147,0.21637832945842567
1908,0.028997957706451416,1.0,0.7778904438018799,0.778745710849762,0.21499634819455493
1909,0.020657220855355263,1.0,0.7778904438018799,0.7808938026428223,0.09299062284404445
1910,0.02838256023824215,1.0,0.7753549218177795,0.779998779296875,0.149314161757431
1911,0.0312057975679636,0.998985767364502,0.7763691544532776,0.7785667181015015,0.15929731864336127
1912,0.04650377482175827,1.0,0.7712981700897217,0.777970016002655,0.2963555411652801
1913,0.03817792236804962,1.0,0.7682555317878723,0.7744495272636414,0.2101421805425927
1914,0.039866458624601364,1.0,0.7687626481056213,0.7714064121246338,0.26514138654227865
1915,0.03213519603013992,1.0,0.7626774907112122,0.7692582607269287,0.1786024033159773
1916,0.041467174887657166,1.0,0.7616632580757141,0.7703323364257812,0.27211216615157074
1917,0.03986148163676262,1.0,0.7631845474243164,0.7725997567176819,0.25566446432335177
1918,0.04166316241025925,1.0,0.7647058367729187,0.7742108702659607,0.21292934601231947
1919,0.03240208327770233,1.0,0.7647058367729187,0.7753445506095886,0.25887188890550616
1920,0.03974379971623421,1.0,0.7616632580757141,0.774688184261322,0.25772118726201476
1921,0.04950031638145447,1.0,0.7570993900299072,0.7737931609153748,0.27475344578121175
1922,0.032711517065763474,1.0,0.7586206793785095,0.7693179845809937,0.281598697486774
1923,0.038132961839437485,1.0,0.7570993900299072,0.7628139853477478,0.31793294361743013
1924,0.04243135079741478,1.0,0.7510141730308533,0.7553552985191345,0.2523683425465916
1925,0.05104732885956764,1.0,0.7505070567131042,0.7578614354133606,0.24028080249797193
1926,0.04368444159626961,1.0,0.7535496950149536,0.7650217413902283,0.13875075625638394
1927,0.03841714933514595,1.0,0.7555781006813049,0.7683035731315613,0.1777263952746473
1928,0.06654811650514603,1.0,0.7581135630607605,0.7676472067832947,0.3039847355185334
1929,0.05028953403234482,1.0,0.7621703743934631,0.7689599394798279,0.350100803537264
1930,0.0378296785056591,1.0,0.7606490850448608,0.7720627784729004,0.19093670800325147
1931,0.056198492646217346,1.0,0.7682555317878723,0.7768363356590271,0.24359310574708373
1932,0.04621710255742073,1.0,0.7677484750747681,0.7764782905578613,0.2776882582806936
1933,0.054047636687755585,1.0,0.7647058367729187,0.7757622599601746,0.26494586816167864
1934,0.035968054085969925,1.0,0.7560851573944092,0.772659420967102,0.14279940583936487
1935,0.034860678017139435,1.0,0.7535496950149536,0.7725400924682617,0.18075920312568017
1936,0.04884224012494087,1.0,0.7560851573944092,0.7721224427223206,0.30475451607392734
1937,0.04271475225687027,1.0,0.7570993900299072,0.769795298576355,0.16512210266262478
1938,0.05830182135105133,1.0,0.7545638680458069,0.7689002752304077,0.27494951955091484
1939,0.044455308467149734,1.0,0.7596348524093628,0.7689599394798279,0.1403264006101655
1940,0.049358971416950226,1.0,0.7591277956962585,0.7690792679786682,0.23579345498124232
1941,0.03198089450597763,1.0,0.7591277956962585,0.7684229016304016,0.09682784314942636
1942,0.035103939473629,1.0,0.7616632580757141,0.7703920006752014,0.20026239589676328
1943,0.031563159078359604,1.0,0.7596348524093628,0.7729578018188477,0.09340664097966345
1944,0.03726649656891823,1.0,0.7581135630607605,0.7712273597717285,0.19673157169611652
1945,0.03775664418935776,1.0,0.7530425786972046,0.7702726721763611,0.2428095222189988
1946,0.04553710296750069,1.0,0.7535496950149536,0.7682439088821411,0.16314863998344167
1947,0.034854501485824585,1.0,0.7545638680458069,0.769795298576355,0.12828651088178827
1948,0.04693594202399254,1.0,0.7626774907112122,0.772301435470581,0.14641060607079728
1949,0.037294428795576096,1.0,0.7626774907112122,0.7742705345153809,0.25367024111867803
1950,0.0373702235519886,1.0,0.7576064467430115,0.7709887027740479,0.27932451620292176
1951,0.0495571605861187,1.0,0.7565922737121582,0.7678858637809753,0.21490099512825817
1952,0.054652776569128036,1.0,0.7535496950149536,0.7675278782844543,0.3162696057860853
1953,0.022803300991654396,1.0,0.748985767364502,0.7647830843925476,0.12277625467107373
1954,0.026739923283457756,1.0,0.7479715943336487,0.7644250392913818,0.07469866119819835
1955,0.02745913714170456,1.0,0.7505070567131042,0.7648427486419678,0.12128969269654005
1956,0.03599840775132179,1.0,0.7535496950149536,0.7660361528396606,0.20716412155514533
1957,0.05369889363646507,1.0,0.7540567517280579,0.7694969773292542,0.2520302531852457
1958,0.030008332803845406,1.0,0.7555781006813049,0.769437313079834,0.1592923166651421
1959,0.03456377238035202,1.0,0.7550709843635559,0.7711676955223083,0.11957420591617333
1960,0.029675021767616272,1.0,0.7560851573944092,0.7704516649246216,0.15696171305423348
1961,0.0188240185379982,1.0,0.7550709843635559,0.7715854048728943,0.10426328985026255
1962,0.03232334926724434,1.0,0.7550709843635559,0.7712273597717285,0.1540926324414456
1963,0.0359206348657608,1.0,0.7555781006813049,0.7703920006752014,0.20847415427606922
1964,0.0493045374751091,1.0,0.7596348524093628,0.7731964588165283,0.2726526965165172
1965,0.0378275141119957,1.0,0.7581135630607605,0.7703323364257812,0.2558436270041529
1966,0.04020800068974495,1.0,0.7606490850448608,0.7692582607269287,0.23978259287208964
1967,0.03292436525225639,1.0,0.7611561417579651,0.7713467478752136,0.2832429740032946
1968,0.031694237142801285,1.0,0.7601419687271118,0.771824061870575,0.18851450898446032
1969,0.04551629349589348,1.0,0.7591277956962585,0.7725400924682617,0.20512227252848206
1970,0.03429323807358742,1.0,0.7641987800598145,0.7724207639694214,0.14494337119075854
1971,0.03991720825433731,1.0,0.7601419687271118,0.7734948396682739,0.3111689438340655
1972,0.03952813148498535,1.0,0.7596348524093628,0.7746285200119019,0.15468060513550785
1973,0.027399202808737755,1.0,0.7581135630607605,0.7724804282188416,0.09175465076682453
1974,0.05299316346645355,1.0,0.7591277956962585,0.7743898630142212,0.29619338996563377
1975,0.03633071109652519,1.0,0.7586206793785095,0.7765379548072815,0.16477723970245103
1976,0.046515390276908875,1.0,0.7621703743934631,0.7777313590049744,0.2518082323480615
1977,0.04275747388601303,1.0,0.7616632580757141,0.776358962059021,0.18844987611507807
1978,0.040677353739738464,1.0,0.7626774907112122,0.7736141681671143,0.3010499034088363
1979,0.027567194774746895,1.0,0.7616632580757141,0.7715257406234741,0.10747118479906584
1980,0.05387033894658089,1.0,0.7601419687271118,0.7750462293624878,0.32091648458293925
1981,0.04089508578181267,1.0,0.7606490850448608,0.7747478485107422,0.23745777857864922
1982,0.04607390612363815,1.0,0.7581135630607605,0.7757622599601746,0.39854343530067166
1983,0.03942204266786575,1.0,0.7540567517280579,0.7740915417671204,0.3301531944680188
1984,0.03680288791656494,1.0,0.7555781006813049,0.7711080312728882,0.18671848376568354
1985,0.027367543429136276,0.998985767364502,0.7535496950149536,0.769019603729248,0.1811142227870731
1986,0.044969476759433746,0.998985767364502,0.7596348524093628,0.7709887027740479,0.21028442861893973
1987,0.04897066205739975,0.998985767364502,0.7662271857261658,0.7724207639694214,0.29907109657495967
1988,0.05787443742156029,0.998985767364502,0.772312343120575,0.7765379548072815,0.2085235505552774
1989,0.06199655681848526,0.998985767364502,0.7718052268028259,0.7813115119934082,0.3302964074349273
1990,0.05731377750635147,0.998985767364502,0.7697768807411194,0.7827435731887817,0.3739337195631497
1991,0.06286146491765976,0.998985767364502,0.76673424243927,0.7774926424026489,0.22632490978329586
1992,0.04457259550690651,0.998985767364502,0.7591277956962585,0.7736738324165344,0.24868642678417208
1993,0.044634364545345306,0.998985767364502,0.7535496950149536,0.7702130079269409,0.2645209698246295
1994,0.07367777079343796,0.998985767364502,0.7540567517280579,0.7698549628257751,0.2975454271497305
1995,0.06522183865308762,0.998985767364502,0.7565922737121582,0.7745688557624817,0.2798100934803256
1996,0.04126706346869469,0.998985767364502,0.7631845474243164,0.7797004580497742,0.1667193423734726
1997,0.06805247813463211,0.998985767364502,0.7636916637420654,0.7810131907463074,0.19794175002727998
1998,0.04225609824061394,1.0,0.7652129530906677,0.7824452519416809,0.17474123342564038
1999,0.05209515988826752,0.998985767364502,0.7657200694084167,0.7804761528968811,0.18301780271256737
2000,0.046681247651576996,1.0,0.76673424243927,0.7765379548072815,0.24454350206695796
2001,0.06561152637004852,1.0,0.767241358757019,0.7773136496543884,0.2575363255573509
2002,0.057665709406137466,1.0,0.772819459438324,0.7804164886474609,0.31778608512701584
2003,0.05591949075460434,1.0,0.7748478651046753,0.7818485498428345,0.21705313428879494
2004,0.02936580777168274,1.0,0.7748478651046753,0.7826242446899414,0.15456532837208117
2005,0.03399665653705597,1.0,0.772819459438324,0.7828032374382019,0.11265423878223946
2006,0.03377576544880867,1.0,0.7702839374542236,0.783280611038208,0.23222592227688446
2007,0.032830748707056046,1.0,0.7692697644233704,0.7844740152359009,0.1842207062425542
2008,0.03690188005566597,1.0,0.76673424243927,0.7839369773864746,0.1164356444521157
2009,0.05843610316514969,1.0,0.7657200694084167,0.785309374332428,0.19016199830189487
2010,0.03827131539583206,1.0,0.767241358757019,0.7844740152359009,0.15985016335352892
2011,0.028276508674025536,1.0,0.7647058367729187,0.7831016182899475,0.17006141118470924
2012,0.03320731967687607,1.0,0.76673424243927,0.7824452519416809,0.1293021440866112
2013,0.04927593469619751,1.0,0.7718052268028259,0.7825049161911011,0.29354396754081236
2014,0.044088371098041534,1.0,0.7662271857261658,0.7817888855934143,0.2982419329747716
2015,0.0318971648812294,1.0,0.7626774907112122,0.7813115119934082,0.11782243847974166
2016,0.0355081707239151,1.0,0.7652129530906677,0.7797004580497742,0.18779883194422814
2017,0.04410369694232941,1.0,0.7682555317878723,0.7799391150474548,0.2325146993970644
2018,0.0316949188709259,1.0,0.76673424243927,0.7795214056968689,0.08874520109360799
2019,0.03023894689977169,1.0,0.7652129530906677,0.7802374362945557,0.20564291342876342
2020,0.028594039380550385,1.0,0.7687626481056213,0.7818485498428345,0.13609568921509133
2021,0.04866452515125275,1.0,0.7677484750747681,0.7849513292312622,0.19599944854698517
2022,0.031657490879297256,1.0,0.7748478651046753,0.7833402752876282,0.21793917221497394
2023,0.03256073221564293,1.0,0.7799188494682312,0.7842352986335754,0.20382593429793505
2024,0.04000290483236313,1.0,0.7768762707710266,0.7864431142807007,0.24153990181168977
2025,0.045111533254384995,1.0,0.7773833274841309,0.7868607640266418,0.16931326423631493
2026,0.04134386032819748,1.0,0.7824543714523315,0.7869800925254822,0.24147976896434364
2027,0.04174643009901047,1.0,0.7824543714523315,0.7870397567749023,0.33332727943548546
2028,0.03219720348715782,1.0,0.7809330224990845,0.7852497100830078,0.1401267966802714
2029,0.035200346261262894,1.0,0.7794117331504822,0.7806551456451416,0.28406890068042806
2030,0.024627529084682465,1.0,0.7712981700897217,0.7759412527084351,0.09861148323649861
2031,0.03666544705629349,1.0,0.7682555317878723,0.7756429314613342,0.215862200430686
2032,0.024656539782881737,1.0,0.7738336324691772,0.7780893445014954,0.20764797927228887
2033,0.03662557527422905,1.0,0.7763691544532776,0.7801777720451355,0.14505197079244797
2034,0.027964148670434952,1.0,0.7773833274841309,0.7811921834945679,0.18529635440124942
2035,0.03110271692276001,1.0,0.7789046764373779,0.7844143509864807,0.21815308159170319
2036,0.025089429691433907,1.0,0.7768762707710266,0.7825645804405212,0.15970307006513165
2037,0.026886029168963432,1.0,0.7758620381355286,0.7831612825393677,0.2896313007903164
2038,0.05555327236652374,1.0,0.772819459438324,0.7813711762428284,0.18944746945687227
2039,0.03885273262858391,1.0,0.772819459438324,0.7794020771980286,0.15707843369614596
2040,0.04029831662774086,1.0,0.772819459438324,0.7765976190567017,0.35694696671199105
2041,0.03867531195282936,1.0,0.7682555317878723,0.7737931609153748,0.1980685381329449
2042,0.04175594076514244,1.0,0.7682555317878723,0.7702130079269409,0.14427816688837372
2043,0.04411335289478302,1.0,0.772819459438324,0.7671698331832886,0.1503796828195903
2044,0.03933268040418625,1.0,0.7662271857261658,0.7682439088821411,0.37577447626746435
2045,0.047825951129198074,1.0,0.7652129530906677,0.7697356343269348,0.5047258766960236
2046,0.02681012824177742,1.0,0.767241358757019,0.7705113291740417,0.15088973852009457
2047,0.05139540880918503,1.0,0.76673424243927,0.7699146270751953,0.21866136979123493
2048,0.047132086008787155,1.0,0.7712981700897217,0.7725400924682617,0.3210357982877706
2049,0.043785110116004944,1.0,0.772819459438324,0.7761202454566956,0.19576673135636116
2050,0.03878523409366608,1.0,0.7753549218177795,0.7795214056968689,0.24572364671595062
2051,0.03568315505981445,1.0,0.7743407487869263,0.7817292213439941,0.13637890887319076
2052,0.03256220370531082,1.0,0.7743407487869263,0.7797004580497742,0.28486952890547096
2053,0.030030323192477226,1.0,0.7657200694084167,0.7723610997200012,0.1901624935957637
2054,0.06727258861064911,1.0,0.7591277956962585,0.7667521834373474,0.36266405455953216
2055,0.06357760727405548,1.0,0.7621703743934631,0.7695566415786743,0.22505566581484696
2056,0.033994678407907486,1.0,0.7682555317878723,0.7705113291740417,0.13903922146938782
2057,0.06152936443686485,1.0,0.7687626481056213,0.7699743509292603,0.29032517587522033
2058,0.051080428063869476,1.0,0.76673424243927,0.7658571600914001,0.2304917656831972
2059,0.033524040132761,1.0,0.76673424243927,0.7648427486419678,0.24126430679365252
2060,0.0365549772977829,1.0,0.7662271857261658,0.7658571600914001,0.32264651808884465
2061,0.05939165875315666,1.0,0.76673424243927,0.7669311761856079,0.3040856803871426
2062,0.04126352444291115,1.0,0.7596348524093628,0.7702130079269409,0.2803048747743743
2063,0.03879654034972191,1.0,0.7570993900299072,0.771048367023468,0.2465171132389719
2064,0.04869630187749863,1.0,0.7677484750747681,0.7724207639694214,0.27240331587362077
2065,0.04859185591340065,1.0,0.7702839374542236,0.7749269008636475,0.14322638229696735
2066,0.02905367501080036,1.0,0.7753549218177795,0.7759412527084351,0.14554876846247009
2067,0.049955278635025024,1.0,0.7773833274841309,0.777612030506134,0.2586800579519699
2068,0.051282402127981186,1.0,0.7758620381355286,0.7799391150474548,0.20969877147412294
2069,0.0417996346950531,1.0,0.7743407487869263,0.7800584435462952,0.26248676232004636
2070,0.02671913430094719,1.0,0.7707910537719727,0.7775523662567139,0.14448055230086007
2071,0.0443207249045372,1.0,0.772312343120575,0.7773733139038086,0.2229527066978413
2072,0.04363737255334854,1.0,0.7758620381355286,0.7771346569061279,0.20600325373069267
2073,0.04884439334273338,1.0,0.7768762707710266,0.7802374362945557,0.17497535980273668
2074,0.04266771674156189,1.0,0.7743407487869263,0.779998779296875,0.29322076493929755
2075,0.03617575392127037,1.0,0.7692697644233704,0.7817888855934143,0.2227688621446838
2076,0.058126963675022125,1.0,0.7697768807411194,0.7813711762428284,0.19169937144928245
2077,0.054774120450019836,1.0,0.7682555317878723,0.7808938026428223,0.265240808038612
2078,0.035295065492391586,0.998985767364502,0.7596348524093628,0.775105893611908,0.154981682771654
2079,0.06794080883264542,1.0,0.7601419687271118,0.779640793800354,0.26048989220912316
2080,0.046492528170347214,1.0,0.7626774907112122,0.7810728549957275,0.3045751014865027
2081,0.031746089458465576,1.0,0.7626774907112122,0.7797601222991943,0.10908314968749223
2082,0.03403156250715256,1.0,0.7647058367729187,0.7771943211555481,0.22842028035947678
2083,0.058734118938446045,1.0,0.7616632580757141,0.7760009169578552,0.1948123058504131
2084,0.05887477472424507,1.0,0.7616632580757141,0.7728981375694275,0.2299279132542962
2085,0.033488959074020386,1.0,0.7540567517280579,0.7687212824821472,0.20815653212160903
2086,0.0300082266330719,1.0,0.7479715943336487,0.7615609169006348,0.19887705356115706
2087,0.05409490689635277,1.0,0.7474644780158997,0.7605465650558472,0.15551218295140065
2088,0.0420641228556633,1.0,0.7581135630607605,0.7643653750419617,0.23941977597590233
2089,0.02903016470372677,1.0,0.7596348524093628,0.770690381526947,0.155807993630374
2090,0.05284411832690239,1.0,0.7662271857261658,0.7777313590049744,0.21786016319824372
2091,0.03877878189086914,1.0,0.7687626481056213,0.7793424129486084,0.18177844962987016
2092,0.04517814889550209,1.0,0.7677484750747681,0.7791037559509277,0.1948822744632995
2093,0.0351155661046505,1.0,0.7682555317878723,0.7773733139038086,0.08544843236953703
2094,0.028111500665545464,1.0,0.7626774907112122,0.7750462293624878,0.14964291003000138
2095,0.023527484387159348,1.0,0.7662271857261658,0.7705709934234619,0.13136671189148477
2096,0.031506508588790894,1.0,0.7662271857261658,0.7682439088821411,0.2628062246519942
2097,0.027988135814666748,1.0,0.7692697644233704,0.7695566415786743,0.17462817386731092
2098,0.0460965558886528,1.0,0.7662271857261658,0.7715257406234741,0.3100571701695978
2099,0.03854046389460564,1.0,0.7652129530906677,0.776716947555542,0.2764690068665311
2100,0.03154536709189415,1.0,0.7697768807411194,0.779998779296875,0.1950409421933398
2101,0.03355873003602028,1.0,0.772312343120575,0.7806551456451416,0.11834843718892879
2102,0.05182342976331711,1.0,0.7743407487869263,0.7779103517532349,0.27803518254296455
2103,0.0388108529150486,1.0,0.7677484750747681,0.7765379548072815,0.23737847573823073
2104,0.04064130410552025,1.0,0.7641987800598145,0.7769556641578674,0.20314530936593236
2105,0.05271226912736893,1.0,0.7586206793785095,0.7762992978096008,0.22153046870778995
2106,0.04300771281123161,1.0,0.7601419687271118,0.7734351754188538,0.19832034044389857
2107,0.03601393103599548,1.0,0.7606490850448608,0.772719144821167,0.3372305386228517
2108,0.039364926517009735,1.0,0.7677484750747681,0.7724207639694214,0.21933842691993718
2109,0.031808048486709595,0.998985767364502,0.7707910537719727,0.7752252221107483,0.160545202898051
2110,0.036813199520111084,1.0,0.7712981700897217,0.7794617414474487,0.2405439741622253
2111,0.02739003300666809,1.0,0.7768762707710266,0.7810131907463074,0.11374388344464516
2112,0.03134588524699211,1.0,0.7814401388168335,0.7820872068405151,0.10655168804568989
2113,0.030111858621239662,1.0,0.7794117331504822,0.7814308404922485,0.12133197514051547
2114,0.040599122643470764,1.0,0.7738336324691772,0.779640793800354,0.2928333375460057
2115,0.03212675824761391,1.0,0.772819459438324,0.7762992978096008,0.14798948833894954
2116,0.05123274773359299,1.0,0.767241358757019,0.7706306576728821,0.3011764173518724
2117,0.04546166583895683,1.0,0.7702839374542236,0.7738528251647949,0.39842881891309795
2118,0.03883231803774834,1.0,0.772819459438324,0.7760605812072754,0.200274047096476
2119,0.028889790177345276,1.0,0.7763691544532776,0.7756429314613342,0.18195643294401898
2120,0.03884195163846016,1.0,0.7773833274841309,0.7734351754188538,0.17664497456076983
2121,0.030857469886541367,1.0,0.773326575756073,0.7709887027740479,0.12007065727637938
2122,0.0632443055510521,1.0,0.7718052268028259,0.7709290385246277,0.2474780597867107
2123,0.04286320507526398,1.0,0.7702839374542236,0.7698549628257751,0.17671380447145735
2124,0.03684025630354881,1.0,0.772312343120575,0.7695566415786743,0.19807505962874672
2125,0.03717033937573433,1.0,0.772312343120575,0.7715257406234741,0.2341612846370248
2126,0.03189645707607269,1.0,0.7738336324691772,0.7731964588165283,0.1799054070885917
2127,0.0451335608959198,1.0,0.772312343120575,0.7746285200119019,0.24735048339846424
2128,0.055827971547842026,1.0,0.7707910537719727,0.7717047333717346,0.32802204474716895
2129,0.043659456074237823,1.0,0.772312343120575,0.7695566415786743,0.21505223447434005
2130,0.022453036159276962,1.0,0.7697768807411194,0.7664538025856018,0.08367837348819697
2131,0.04220520704984665,1.0,0.7697768807411194,0.7665731906890869,0.19505795302818463
2132,0.04216000437736511,1.0,0.7647058367729187,0.7650814056396484,0.2413075033874947
2133,0.04642654210329056,1.0,0.7652129530906677,0.7675875425338745,0.1848162822753486
2134,0.036842215806245804,1.0,0.7616632580757141,0.7703920006752014,0.1196975601936076
2135,0.03684677928686142,1.0,0.7652129530906677,0.7718837261199951,0.15648002764169167
2136,0.047692712396383286,1.0,0.76673424243927,0.7745688557624817,0.22235204387224763
2137,0.02595471404492855,1.0,0.7712981700897217,0.7777910232543945,0.2359603209337626
2138,0.035830724984407425,1.0,0.7718052268028259,0.7773733139038086,0.12023973447382058
2139,0.03217277675867081,1.0,0.7712981700897217,0.778387725353241,0.12508023777350094
2140,0.044960830360651016,1.0,0.7738336324691772,0.7777910232543945,0.22784882397668474
2141,0.045851971954107285,1.0,0.7682555317878723,0.7762992978096008,0.18959849968002782
2142,0.03704851120710373,1.0,0.7657200694084167,0.7768363356590271,0.22837559889482303
2143,0.032179951667785645,1.0,0.7687626481056213,0.7761202454566956,0.17487713166892088
2144,0.047529611736536026,1.0,0.772819459438324,0.7808938026428223,0.32505067895504997
2145,0.03466987982392311,1.0,0.7809330224990845,0.7841756343841553,0.1819333595058936
2146,0.04371148720383644,1.0,0.7839756608009338,0.7849513292312622,0.1577033613299224
2147,0.04272023215889931,1.0,0.7809330224990845,0.7855480313301086,0.22756841913944462
2148,0.04371287301182747,1.0,0.7789046764373779,0.7888895273208618,0.1911196311363756
2149,0.038759250193834305,1.0,0.7712981700897217,0.7843546271324158,0.13787498029596335
2150,0.028296781703829765,1.0,0.76673424243927,0.7803568243980408,0.08997545354911236
2151,0.035400427877902985,1.0,0.7662271857261658,0.7788053750991821,0.1733061105244915
2152,0.0332200862467289,1.0,0.7662271857261658,0.7781490087509155,0.30341443051411315
2153,0.029054464772343636,1.0,0.7606490850448608,0.7764782905578613,0.10373169541646879
2154,0.03214801847934723,1.0,0.7626774907112122,0.7744495272636414,0.16810598700052698
2155,0.03032815456390381,1.0,0.7606490850448608,0.7732561230659485,0.17766363116230086
2156,0.04630684107542038,1.0,0.7657200694084167,0.7751655578613281,0.30617868786363045
2157,0.038858287036418915,1.0,0.7641987800598145,0.7732561230659485,0.2266865319412134
2158,0.022927289828658104,1.0,0.7626774907112122,0.7713467478752136,0.1709763594183692
2159,0.048278216272592545,1.0,0.76673424243927,0.774688184261322,0.2155092131367214
2160,0.02982225827872753,1.0,0.7662271857261658,0.7744495272636414,0.21345761668579474
2161,0.041297588497400284,1.0,0.7611561417579651,0.7717047333717346,0.17303417172521637
2162,0.037432845681905746,1.0,0.7586206793785095,0.7687212824821472,0.14502073164144919
2163,0.022434821352362633,1.0,0.7576064467430115,0.7672892212867737,0.17706564889674306
2164,0.026153838261961937,1.0,0.7647058367729187,0.7695566415786743,0.2685803780473498
2165,0.032089270651340485,1.0,0.7657200694084167,0.7715257406234741,0.192139292804648
2166,0.024587782099843025,1.0,0.7677484750747681,0.7745091915130615,0.1196060383047005
2167,0.036072034388780594,1.0,0.7692697644233704,0.7745091915130615,0.18150950094659027
2168,0.03794339299201965,1.0,0.7662271857261658,0.7741512060165405,0.190875199532357
2169,0.027148762717843056,1.0,0.7641987800598145,0.7740318179130554,0.19209870708821253
2170,0.03423052281141281,1.0,0.7626774907112122,0.7725997567176819,0.12303188144877783
2171,0.044047195464372635,1.0,0.7606490850448608,0.7696163058280945,0.2337103546732834
2172,0.04392446577548981,1.0,0.7581135630607605,0.7678261995315552,0.3212770747012454
2173,0.029800819233059883,1.0,0.7576064467430115,0.7684229016304016,0.15998530760078758
2174,0.03247646614909172,1.0,0.7555781006813049,0.7699146270751953,0.195797051063205
2175,0.027704844251275063,1.0,0.7510141730308533,0.7677068710327148,0.12721267636757952
2176,0.028853313997387886,1.0,0.7505070567131042,0.7646637558937073,0.15392936328816256
2177,0.03444141894578934,1.0,0.7510141730308533,0.7643653750419617,0.173101379617738
2178,0.037204742431640625,1.0,0.7565922737121582,0.764126718044281,0.241352154966898
2179,0.039842963218688965,1.0,0.7586206793785095,0.7640073895454407,0.23197040236371913
2180,0.043066754937171936,1.0,0.7581135630607605,0.7635300159454346,0.2309142193687313
2181,0.04373346269130707,1.0,0.7570993900299072,0.7636493444442749,0.1994539530908752
2182,0.03974112123250961,1.0,0.7616632580757141,0.764126718044281,0.21437716866837492
2183,0.03931834176182747,1.0,0.7657200694084167,0.7677068710327148,0.3170091442053748
2184,0.0364190936088562,1.0,0.7697768807411194,0.769437313079834,0.3235566672030841
2185,0.06167535111308098,1.0,0.7712981700897217,0.7695566415786743,0.29327440537189065
2186,0.04026259109377861,1.0,0.7652129530906677,0.7679455876350403,0.25001874719706485
2187,0.04120425507426262,1.0,0.7631845474243164,0.7650814056396484,0.2072199898262655
2188,0.030922669917345047,1.0,0.7621703743934631,0.768661618232727,0.25127125870354544
2189,0.04534152150154114,1.0,0.7641987800598145,0.7733157873153687,0.17972698230709452
2190,0.04300863668322563,0.998985767364502,0.7657200694084167,0.7715257406234741,0.203192063470605
2191,0.05081665515899658,0.998985767364502,0.7652129530906677,0.7689002752304077,0.32793888929192955
2192,0.04005104675889015,1.0,0.767241358757019,0.7702726721763611,0.2215309431395783
2193,0.03720075264573097,1.0,0.7641987800598145,0.7689599394798279,0.19988809406626934
2194,0.03718679025769234,1.0,0.7641987800598145,0.7659764885902405,0.2903072111923067
2195,0.04195846989750862,1.0,0.7616632580757141,0.7654394507408142,0.23199065728612828
2196,0.048422135412693024,1.0,0.7652129530906677,0.7686019539833069,0.22221299461766927
2197,0.053761355578899384,1.0,0.7687626481056213,0.7721821069717407,0.26627773547103123
2198,0.049570128321647644,1.0,0.7677484750747681,0.7714064121246338,0.3554059438480405
2199,0.048815883696079254,1.0,0.7677484750747681,0.768661618232727,0.3180926540773727
2200,0.03910936042666435,1.0,0.7652129530906677,0.7658571600914001,0.23477424095265467
2201,0.04247334599494934,1.0,0.7545638680458069,0.7632316946983337,0.2631384224652127
2202,0.034048374742269516,1.0,0.75,0.7609045505523682,0.22805476841294461
2203,0.043880920857191086,1.0,0.748985767364502,0.7589951753616333,0.14926531632975
2204,0.045763421803712845,1.0,0.7469573616981506,0.7566083669662476,0.339959334906844
2205,0.05048007518053055,1.0,0.75,0.7564890384674072,0.15053469561961802
2206,0.045448556542396545,1.0,0.7550709843635559,0.7547585964202881,0.19808852241620045
2207,0.04543347656726837,1.0,0.7570993900299072,0.7536249160766602,0.2642748843532132
2208,0.04240313917398453,1.0,0.7596348524093628,0.7579210996627808,0.19951039107930546
2209,0.03130361810326576,1.0,0.7626774907112122,0.7610239386558533,0.2540728368174669
2210,0.035143736749887466,1.0,0.7601419687271118,0.7650217413902283,0.14999194283393005
2211,0.04461793228983879,1.0,0.7570993900299072,0.766513466835022,0.259476139914191
2212,0.035445574671030045,1.0,0.7576064467430115,0.7684229016304016,0.14273217545266284
2213,0.04117756709456444,0.998985767364502,0.7586206793785095,0.7691389322280884,0.22647384563445302
2214,0.04934269189834595,0.998985767364502,0.7616632580757141,0.7666328549385071,0.4708742564232798
2215,0.04312736541032791,1.0,0.7647058367729187,0.7666328549385071,0.11624733997632845
2216,0.05943737551569939,0.998985767364502,0.7687626481056213,0.7707500457763672,0.35732361939860546
2217,0.06414104253053665,1.0,0.773326575756073,0.7746285200119019,0.242815610227871
2218,0.06961734592914581,1.0,0.772819459438324,0.7764186263084412,0.2006521455621965
2219,0.05868413299322128,1.0,0.7758620381355286,0.7765976190567017,0.31382402440935253
2220,0.05781419947743416,1.0,0.772312343120575,0.7743898630142212,0.2599406968449029
2221,0.0350537933409214,1.0,0.767241358757019,0.7741512060165405,0.2484369115100569
2222,0.043462980538606644,1.0,0.7662271857261658,0.7711676955223083,0.23468148388449694
2223,0.038753606379032135,1.0,0.7591277956962585,0.7668715119361877,0.21727570259178486
2224,0.045087866485118866,1.0,0.7560851573944092,0.7644847631454468,0.35189897172357254
2225,0.052692919969558716,1.0,0.7596348524093628,0.7637090086936951,0.18779474553112988
2226,0.044060513377189636,1.0,0.7570993900299072,0.7634703516960144,0.30347387234759476
2227,0.048608940094709396,1.0,0.7581135630607605,0.7648427486419678,0.19887235512452553
2228,0.03231804445385933,1.0,0.7591277956962585,0.765737771987915,0.21169328162154216
2229,0.053891658782958984,1.0,0.7601419687271118,0.7649024128913879,0.23035292750490946
2230,0.05638771131634712,1.0,0.7581135630607605,0.7631123661994934,0.42862305565709236
2231,0.032818861305713654,1.0,0.7525354623794556,0.7576824426651001,0.2059750044007153
2232,0.04873882606625557,1.0,0.7464503049850464,0.7510591149330139,0.3440228498589629
2233,0.056568171828985214,1.0,0.7479715943336487,0.7515961527824402,0.3096747163572411
2234,0.03780752792954445,1.0,0.7545638680458069,0.7579210996627808,0.21171563272649352
2235,0.04040277376770973,1.0,0.7586206793785095,0.7647234201431274,0.28966188710352986
2236,0.04372340068221092,1.0,0.7586206793785095,0.7689599394798279,0.14009142592882184
2237,0.05214059352874756,1.0,0.7652129530906677,0.7686019539833069,0.2329733783180649
2238,0.03755951672792435,1.0,0.7616632580757141,0.7660361528396606,0.290620023834954
2239,0.02635733038187027,1.0,0.7586206793785095,0.7616205811500549,0.14280546258391238
2240,0.040965061634778976,1.0,0.7611561417579651,0.7610239386558533,0.16131446198964122
2241,0.044849004596471786,1.0,0.7616632580757141,0.7652007937431335,0.3422469641889044
2242,0.03458087518811226,1.0,0.7657200694084167,0.7679455876350403,0.3059991780082515
2243,0.04157637059688568,1.0,0.7636916637420654,0.7703323364257812,0.18105037297832663
2244,0.048661842942237854,0.998985767364502,0.772312343120575,0.7733157873153687,0.20519130930385054
2245,0.049696505069732666,1.0,0.7707910537719727,0.7737334966659546,0.16857628826778565
2246,0.06213212013244629,1.0,0.7657200694084167,0.7698549628257751,0.43211694972120224
2247,0.04164385795593262,1.0,0.767241358757019,0.7670505046844482,0.4721378361940211
2248,0.06246881186962128,1.0,0.7596348524093628,0.7649620771408081,0.18226711032645726
2249,0.06524958461523056,1.0,0.76673424243927,0.7704516649246216,0.2819798130889158
2250,0.06265638023614883,1.0,0.7677484750747681,0.7742108702659607,0.3573834187569748
2251,0.04453352093696594,1.0,0.772312343120575,0.7766572833061218,0.15516723130630825
2252,0.04840729385614395,1.0,0.7758620381355286,0.7773733139038086,0.1692536405595301
2253,0.04930742457509041,1.0,0.773326575756073,0.7745091915130615,0.2705751424736343
2254,0.05567003786563873,1.0,0.7758620381355286,0.7730174660682678,0.18619361900844145
2255,0.04577770084142685,1.0,0.7799188494682312,0.7770153284072876,0.19737866297942044
2256,0.04183480516076088,1.0,0.7778904438018799,0.7783280611038208,0.25219260236413277
2257,0.049179524183273315,1.0,0.7778904438018799,0.7757025957107544,0.18912427455711156
2258,0.03171362727880478,1.0,0.7753549218177795,0.7734948396682739,0.1282475372964771
2259,0.06658610701560974,1.0,0.772819459438324,0.7713467478752136,0.26035392603899593
2260,0.03834979981184006,1.0,0.772819459438324,0.773077130317688,0.14300714411108395
2261,0.03626418113708496,1.0,0.772312343120575,0.7757025957107544,0.1466012296024037
2262,0.03787600249052048,1.0,0.7753549218177795,0.7758219242095947,0.09064193988776319
2263,0.022308172658085823,1.0,0.7748478651046753,0.7758815884590149,0.13544979734235996
2264,0.044744689017534256,1.0,0.7758620381355286,0.7749269008636475,0.1218021066610822
2265,0.05714591592550278,1.0,0.772312343120575,0.7744495272636414,0.17519468714392564
2266,0.03328356146812439,1.0,0.7697768807411194,0.7738528251647949,0.07227583170048552
2267,0.04426076263189316,1.0,0.7687626481056213,0.774688184261322,0.16855086702754987
2268,0.03196411579847336,1.0,0.7692697644233704,0.7740915417671204,0.1679824378753115
2269,0.0399649441242218,1.0,0.7677484750747681,0.7745091915130615,0.1869585072013224
2270,0.043084196746349335,1.0,0.772312343120575,0.7756429314613342,0.12689521039094026
2271,0.033113352954387665,1.0,0.7738336324691772,0.776716947555542,0.17179484672574916
2272,0.03321699798107147,1.0,0.7758620381355286,0.7776716947555542,0.20436406413361316
2273,0.04254923388361931,1.0,0.7743407487869263,0.7781490087509155,0.25204832709419256
2274,0.023377971723675728,1.0,0.7702839374542236,0.7775523662567139,0.09324909551020752
2275,0.032770391553640366,1.0,0.7692697644233704,0.7735545039176941,0.0733623791450087
2276,0.040607672184705734,0.998985767364502,0.7657200694084167,0.7735545039176941,0.17654290551959853
2277,0.03146631270647049,0.998985767364502,0.7606490850448608,0.7733157873153687,0.10757953901101477
2278,0.03838549554347992,0.998985767364502,0.7626774907112122,0.7745688557624817,0.13482205079889198
2279,0.03292326256632805,0.998985767364502,0.7652129530906677,0.7766572833061218,0.20394332234537205
2280,0.03055744245648384,0.998985767364502,0.7662271857261658,0.778387725353241,0.13528928683704053
2281,0.0386841706931591,0.998985767364502,0.7687626481056213,0.7804164886474609,0.19847520652514025
2282,0.03462744504213333,0.998985767364502,0.7657200694084167,0.7833999395370483,0.14127454287601665
2283,0.04107579216361046,0.998985767364502,0.7697768807411194,0.7854287028312683,0.2800335903414905
2284,0.03262077644467354,0.998985767364502,0.7682555317878723,0.7840563058853149,0.131855488205462
2285,0.03647661954164505,0.998985767364502,0.767241358757019,0.7833999395370483,0.12476798833791466
2286,0.025452500209212303,0.998985767364502,0.7662271857261658,0.7842352986335754,0.15452971711863536
2287,0.05052049830555916,1.0,0.7687626481056213,0.7844740152359009,0.13968145289021652
2288,0.038588959723711014,1.0,0.7718052268028259,0.784891664981842,0.14420320229470385
2289,0.026874812319874763,1.0,0.773326575756073,0.783638596534729,0.1596130958314945
2290,0.03183024004101753,1.0,0.7738336324691772,0.7829822301864624,0.11907568853211868
2291,0.030812986195087433,1.0,0.772819459438324,0.7826242446899414,0.1507609937837611
2292,0.022773828357458115,1.0,0.7753549218177795,0.7808341383934021,0.14479044361489973
2293,0.026563027873635292,1.0,0.7738336324691772,0.7808938026428223,0.1977211794755853
2294,0.03210990130901337,1.0,0.7677484750747681,0.7844143509864807,0.22477643874579528
2295,0.0275845006108284,1.0,0.7707910537719727,0.7857270240783691,0.23214259458580563
2296,0.03300907090306282,1.0,0.7707910537719727,0.7847723364830017,0.09878792638366872
2297,0.041577503085136414,1.0,0.767241358757019,0.7831612825393677,0.2583524453491138
2298,0.04175470024347305,1.0,0.7718052268028259,0.7825049161911011,0.3099737090177161
2299,0.02909405156970024,1.0,0.7707910537719727,0.783698320388794,0.17437032884882592
2300,0.03073730692267418,1.0,0.7687626481056213,0.7817888855934143,0.15900238870756436
2301,0.04454747587442398,1.0,0.7682555317878723,0.7813711762428284,0.2346125610653927
2302,0.03414536267518997,1.0,0.772819459438324,0.7827435731887817,0.14060324448445716
2303,0.027106858789920807,1.0,0.7702839374542236,0.7844143509864807,0.1567781210852198
2304,0.030646488070487976,1.0,0.7718052268028259,0.783280611038208,0.10487687582420424
2305,0.02460075356066227,1.0,0.7677484750747681,0.779640793800354,0.12902946272041063
2306,0.033175401389598846,1.0,0.7687626481056213,0.7766572833061218,0.1344077373755253
2307,0.019373580813407898,1.0,0.767241358757019,0.7735545039176941,0.06975799689731062
2308,0.029988111928105354,1.0,0.7591277956962585,0.7711676955223083,0.18939681833667102
2309,0.02812141738831997,1.0,0.7611561417579651,0.7729578018188477,0.2907728048130638
2310,0.02190549485385418,1.0,0.7611561417579651,0.7734351754188538,0.2005948618470735
2311,0.03130413964390755,1.0,0.7606490850448608,0.7733754515647888,0.16538428759271467
2312,0.026678811758756638,1.0,0.7657200694084167,0.7743898630142212,0.13707268323739633
2313,0.031145835295319557,1.0,0.767241358757019,0.7779103517532349,0.18878254939314573
2314,0.022001512348651886,1.0,0.773326575756073,0.7811921834945679,0.2402888665877234
2315,0.026777861639857292,1.0,0.7712981700897217,0.7828032374382019,0.10739429745823675
2316,0.01896788366138935,1.0,0.76673424243927,0.7811921834945679,0.08425541017181003
2317,0.03045603260397911,1.0,0.7718052268028259,0.7829822301864624,0.2871016310271145
2318,0.032611262053251266,1.0,0.7682555317878723,0.783280611038208,0.14146616474677076
2319,0.04299173131585121,1.0,0.7702839374542236,0.7826839089393616,0.15099268076062938
2320,0.04063624516129494,1.0,0.773326575756073,0.7870397567749023,0.235513073373684
2321,0.02550424449145794,1.0,0.7707910537719727,0.7863237261772156,0.14798922740702167
2322,0.02471153810620308,1.0,0.7677484750747681,0.7840563058853149,0.09534854544911676
2323,0.0205241646617651,1.0,0.7647058367729187,0.7811921834945679,0.0844337948641663
2324,0.041500113904476166,1.0,0.767241358757019,0.7815501689910889,0.2308252912860152
2325,0.030030330643057823,1.0,0.7682555317878723,0.7810131907463074,0.2645868795565626
2326,0.02271243743598461,1.0,0.7652129530906677,0.7815501689910889,0.18066778978755954
2327,0.02957754209637642,1.0,0.7682555317878723,0.7811325192451477,0.2271364365605739
2328,0.027183188125491142,1.0,0.76673424243927,0.7806551456451416,0.18216901623865628
2329,0.04060789942741394,1.0,0.7682555317878723,0.7819678783416748,0.22537820128933184
2330,0.047369055449962616,1.0,0.7647058367729187,0.7801777720451355,0.2697046967452274
2331,0.03714407980442047,1.0,0.7631845474243164,0.7758219242095947,0.2854640924554581
2332,0.03696364909410477,1.0,0.7596348524093628,0.7748672366142273,0.23496698770281585
2333,0.04140069708228111,1.0,0.7550709843635559,0.7707500457763672,0.2121520155719577
2334,0.04467958211898804,1.0,0.7535496950149536,0.7687212824821472,0.3660181405500585
2335,0.03664097189903259,1.0,0.7555781006813049,0.7699146270751953,0.2029774819359623
2336,0.03577781468629837,1.0,0.7611561417579651,0.7713467478752136,0.14818776256381314
2337,0.036970917135477066,1.0,0.7565922737121582,0.7684229016304016,0.2007927524570449
2338,0.03531995415687561,1.0,0.7530425786972046,0.7672892212867737,0.20566318634271832
2339,0.05402833968400955,1.0,0.7545638680458069,0.7647234201431274,0.27051266714853384
2340,0.03645865619182587,1.0,0.7540567517280579,0.7641863822937012,0.24520815407189794
2341,0.0577583909034729,1.0,0.7510141730308533,0.7646637558937073,0.2956448292642086
2342,0.05149248614907265,1.0,0.7581135630607605,0.7669908404350281,0.25444794630871914
2343,0.03710689768195152,1.0,0.7576064467430115,0.7684825658798218,0.14903499145205612
2344,0.045788828283548355,1.0,0.7611561417579651,0.770690381526947,0.13161190592771949
2345,0.04509653151035309,1.0,0.7636916637420654,0.772719144821167,0.19205193717759156
2346,0.04077192768454552,1.0,0.7692697644233704,0.7734351754188538,0.17806035772164255
2347,0.05422276258468628,1.0,0.7687626481056213,0.7759412527084351,0.3052311349557221
2348,0.03137835115194321,1.0,0.7718052268028259,0.7765379548072815,0.17167056017261806
2349,0.041113510727882385,1.0,0.772312343120575,0.7766572833061218,0.18826963314096098
2350,0.04407253488898277,1.0,0.7707910537719727,0.7772539854049683,0.23027751381182385
2351,0.037900883704423904,1.0,0.7697768807411194,0.7768959999084473,0.19431481860844046
2352,0.051787540316581726,1.0,0.7652129530906677,0.7748075723648071,0.17465011212218018
2353,0.04574616625905037,1.0,0.7641987800598145,0.7748672366142273,0.29203414047080384
2354,0.04427545145153999,1.0,0.7636916637420654,0.7736738324165344,0.2738228055901448
2355,0.05080665275454521,1.0,0.7581135630607605,0.7691389322280884,0.1873131408479388
2356,0.05880088359117508,1.0,0.7545638680458069,0.7704516649246216,0.23328125668993782
2357,0.049705952405929565,1.0,0.7591277956962585,0.7725997567176819,0.30001451457826483
2358,0.03325127810239792,1.0,0.7616632580757141,0.7728384733200073,0.12922416969294345
2359,0.033468637615442276,1.0,0.7641987800598145,0.7740915417671204,0.18741202584202937
2360,0.035164620727300644,1.0,0.7652129530906677,0.7754639387130737,0.13828367184316903
2361,0.045909132808446884,1.0,0.7652129530906677,0.7752848863601685,0.23074723566897126
2362,0.03273793309926987,1.0,0.7570993900299072,0.772719144821167,0.17695293028710063
2363,0.04519853740930557,1.0,0.7570993900299072,0.7733157873153687,0.22405669774582168
2364,0.06435377150774002,1.0,0.7606490850448608,0.7765976190567017,0.2449066111116786
2365,0.03185536339879036,1.0,0.7641987800598145,0.7794617414474487,0.2805340674741609
2366,0.0290926992893219,0.998985767364502,0.7652129530906677,0.7791634202003479,0.13503257591405107
2367,0.05116526409983635,0.998985767364502,0.7621703743934631,0.7789844274520874,0.1738792235333062
2368,0.03777605667710304,1.0,0.7621703743934631,0.7771943211555481,0.21718705404563313
2369,0.0467260405421257,1.0,0.7591277956962585,0.7713467478752136,0.21522339431657075
2370,0.04477078840136528,1.0,0.7586206793785095,0.7727788090705872,0.3848845329002514
2371,0.03679102286696434,1.0,0.7611561417579651,0.7742108702659607,0.12389850172714856
2372,0.04208570718765259,1.0,0.7677484750747681,0.7753445506095886,0.12641920959935893
2373,0.038011886179447174,1.0,0.7697768807411194,0.7788650393486023,0.1949736806952942
2374,0.029494529590010643,1.0,0.7753549218177795,0.7788650393486023,0.11040513076057096
2375,0.04667580872774124,1.0,0.7773833274841309,0.7797601222991943,0.1789133981996456
2376,0.040754299610853195,1.0,0.7789046764373779,0.7808938026428223,0.3257147314548964
2377,0.02956339530646801,1.0,0.7743407487869263,0.777970016002655,0.1305534306816174
2378,0.030394285917282104,1.0,0.7692697644233704,0.7728384733200073,0.07571835409418234
2379,0.027647223323583603,1.0,0.7677484750747681,0.7669908404350281,0.1440840089191846
2380,0.035409435629844666,1.0,0.7692697644233704,0.7645444273948669,0.1532201402476011
2381,0.043419599533081055,1.0,0.7702839374542236,0.7649024128913879,0.40027255559978214
2382,0.04124792665243149,1.0,0.773326575756073,0.7680052518844604,0.23707354193126126
2383,0.03888378292322159,1.0,0.7778904438018799,0.7702130079269409,0.24379337189946543
2384,0.03164820373058319,1.0,0.7804259657859802,0.7696759700775146,0.16035271612029267
2385,0.04782647639513016,1.0,0.7748478651046753,0.7680649161338806,0.19658219621979506
2386,0.037616629153490067,1.0,0.772312343120575,0.7663344740867615,0.1598489233619366
2387,0.029480181634426117,1.0,0.7697768807411194,0.7646637558937073,0.14736983416040167
2388,0.049942247569561005,1.0,0.7621703743934631,0.759591817855835,0.22611264739554748
2389,0.04388406127691269,1.0,0.7692697644233704,0.7598901987075806,0.24467500311787693
2390,0.06261453032493591,1.0,0.76673424243927,0.7607255578041077,0.3633959288041141
2391,0.06768554449081421,1.0,0.7677484750747681,0.765379786491394,0.33637131430792666
2392,0.038760241121053696,1.0,0.7707910537719727,0.7690792679786682,0.40304086993943633
2393,0.03864927962422371,0.998985767364502,0.7743407487869263,0.7669908404350281,0.14278272127649652
2394,0.04233791306614876,1.0,0.7697768807411194,0.7669908404350281,0.14998978667873905
2395,0.05734663084149361,1.0,0.7682555317878723,0.7662748098373413,0.24516721388973417
2396,0.04869461804628372,1.0,0.7652129530906677,0.7656781077384949,0.31258047267000166
2397,0.03781219199299812,1.0,0.7647058367729187,0.7627543210983276,0.13846223773469596
2398,0.05784912034869194,1.0,0.7641987800598145,0.7632913589477539,0.38214791982524654
2399,0.04386567696928978,1.0,0.7687626481056213,0.7660958170890808,0.22631199075095382
2400,0.04323909059166908,1.0,0.7687626481056213,0.7671101689338684,0.18733412374426875
