epoch,loss,train_acc,val_acc,test_acc,gradient_norm
1,2.897096872329712,0.138570174574852,0.138128861784935,0.13824430108070374,0.2755723274556698
2,2.6227400302886963,0.138570174574852,0.138128861784935,0.13824430108070374,0.34427192934430667
3,4.855635166168213,0.11032656580209732,0.11032656580209732,0.11041893810033798,15.091599976686982
4,2.595583200454712,0.11032656580209732,0.11032656580209732,0.11041893810033798,0.7540031528950853
5,2.7772669792175293,0.11032656580209732,0.11032656580209732,0.11041893810033798,0.3385937159080394
6,2.7950432300567627,0.11032656580209732,0.11032656580209732,0.11041893810033798,0.28201968505201164
7,2.7836835384368896,0.11032656580209732,0.11032656580209732,0.11041893810033798,0.275159231244692
8,2.758307456970215,0.11032656580209732,0.11032656580209732,0.11041893810033798,0.27414508753553596
9,2.742006540298462,0.11032656580209732,0.11032656580209732,0.11041893810033798,0.258966611548668
10,2.7424864768981934,0.13945278525352478,0.13945278525352478,0.13959403336048126,0.4435095821107514
11,2.7129831314086914,0.13945278525352478,0.13945278525352478,0.13959403336048126,0.306821821987776
12,2.701767921447754,0.13945278525352478,0.13945278525352478,0.13959403336048126,0.23761962691245933
13,2.689192056655884,0.13945278525352478,0.13945278525352478,0.13959403336048126,0.23481371793358682
14,2.6716134548187256,0.13945278525352478,0.13945278525352478,0.13959403336048126,0.24963611861683255
15,2.642768144607544,0.13945278525352478,0.13945278525352478,0.13959403336048126,0.2625288463579511
16,2.6024231910705566,0.13945278525352478,0.13945278525352478,0.13959403336048126,0.2860556280604808
17,2.5491230487823486,0.13945278525352478,0.13945278525352478,0.13959403336048126,0.37794916339341805
18,2.5138025283813477,0.13945278525352478,0.13945278525352478,0.13959403336048126,0.4949595937199972
19,2.4682259559631348,0.13945278525352478,0.13945278525352478,0.13959403336048126,0.6712697185526751
20,2.3802595138549805,0.13945278525352478,0.13945278525352478,0.13959403336048126,0.6317066328583539
21,2.289109945297241,0.17740511894226074,0.18799647688865662,0.18242226541042328,0.45016012861083077
22,2.2147457599639893,0.13680493831634521,0.138570174574852,0.1389191746711731,0.2520066218243039
23,2.240715742111206,0.18799647688865662,0.18755516409873962,0.18844416737556458,0.747423792251996
24,2.240058660507202,0.18358340859413147,0.18534862995147705,0.18496599793434143,0.7409571870906535
25,2.2126498222351074,0.17034421861171722,0.16769638657569885,0.17058609426021576,0.6601653472284859
26,2.152585029602051,0.1897616982460022,0.19373345375061035,0.19031304121017456,0.6086699825426245
27,2.112292766571045,0.2144748419523239,0.21712268888950348,0.21289518475532532,0.6056523142855859
28,2.103247880935669,0.20476610958576202,0.21050308644771576,0.2067694514989853,0.5470714453084025
29,2.055652618408203,0.23918800055980682,0.2316857874393463,0.22836525738239288,0.5901508879660995
30,2.002655029296875,0.20211827754974365,0.20917917788028717,0.20495249330997467,0.8219847887627385
31,2.011068820953369,0.2744925022125244,0.27007943391799927,0.2605513036251068,1.071626022101296
32,1.9835143089294434,0.2930273711681366,0.30361872911453247,0.2980324923992157,0.9695377958454845
33,1.9352902173995972,0.3353927731513977,0.3300970792770386,0.3236255943775177,0.5030756830339473
34,1.9287389516830444,0.33186233043670654,0.3336275517940521,0.3271556794643402,0.8893129384033519
35,1.875048279762268,0.3300970792770386,0.3362753689289093,0.3268442153930664,0.575233290587139
36,1.8612974882125854,0.3618711531162262,0.3706972599029541,0.3667652904987335,0.9090830344873716
37,1.8083691596984863,0.42630186676979065,0.4298323094844818,0.4236619472503662,0.6841695017918095
38,1.7558900117874146,0.40070608258247375,0.4143866002559662,0.4030005633831024,1.0651319455543213
39,1.7333909273147583,0.4157105088233948,0.4210061728954315,0.41468098759651184,1.110482588372628
40,1.7073938846588135,0.4218887984752655,0.4139452874660492,0.4166017770767212,1.3838148484825838
41,1.6321431398391724,0.40864959359169006,0.4042365550994873,0.4023776054382324,0.9186268721163897
42,1.618165373802185,0.39099735021591187,0.3857016861438751,0.3876343369483948,1.4199605668238948
43,1.7181099653244019,0.38305383920669556,0.3861429989337921,0.37891292572021484,2.8783674293106203
44,1.615529179573059,0.4051191508769989,0.4060017764568329,0.4059596061706543,1.947233442530329
45,1.5883502960205078,0.46072375774383545,0.4589585065841675,0.4548616409301758,1.5550112134194818
46,1.5417534112930298,0.4898499548435211,0.48764342069625854,0.4846077859401703,1.2914687512450012
47,1.5276042222976685,0.5216240286827087,0.5114739537239075,0.5115506649017334,1.0059571976685153
48,1.431383728981018,0.5322153568267822,0.5180935859680176,0.5147692561149597,0.8219465089696363
49,1.3911621570587158,0.5648720264434814,0.554280698299408,0.556870698928833,1.661612350357911
50,1.3119789361953735,0.530450165271759,0.5269196629524231,0.5208950042724609,1.6749286938307124
51,1.2914843559265137,0.5887025594711304,0.5767872929573059,0.5703161358833313,1.400924074416093
52,1.2445427179336548,0.5692850947380066,0.5573698282241821,0.5629963874816895,1.8310274060601142
53,1.2249367237091064,0.5586937665939331,0.5423654317855835,0.542750358581543,1.9224993121314662
54,1.1744682788848877,0.5745807886123657,0.5644307136535645,0.5593106150627136,1.332697635913793
55,1.1877912282943726,0.6142983436584473,0.6094439625740051,0.6075896620750427,1.4853298444621097
56,1.1689538955688477,0.6028243899345398,0.6081200242042542,0.6009448170661926,1.3743288396184676
57,1.1476799249649048,0.6125330924987793,0.605472207069397,0.5977262258529663,1.409281328011086
58,1.101590633392334,0.604589581489563,0.606354832649231,0.5923272371292114,0.6230777913864077
59,1.1294734477996826,0.6266549229621887,0.6301853656768799,0.626589834690094,1.115084241253986
60,1.0706863403320312,0.6204766035079956,0.6218005418777466,0.6152728199958801,1.0105913546825007
61,1.053299903869629,0.6434245705604553,0.635039746761322,0.6381145119667053,1.1060955954478506
62,1.0092871189117432,0.6240070462226868,0.604589581489563,0.5960649847984314,0.9791183602616231
63,1.083953619003296,0.6663724780082703,0.6487202048301697,0.6368685960769653,1.6636098131364028
64,1.059152364730835,0.6363636255264282,0.6306266784667969,0.6327155828475952,2.2730138357198837
65,1.077284574508667,0.6654898524284363,0.6460723876953125,0.6504179239273071,2.564520696983084
66,0.9273792505264282,0.6796116828918457,0.6531332731246948,0.6494834423065186,0.6102058497540239
67,1.0143100023269653,0.685789942741394,0.6597528457641602,0.6527020931243896,2.2063242486703087
68,0.935423731803894,0.6778464317321777,0.6606354713439941,0.6590873599052429,1.2258613875785234
69,0.9184538125991821,0.6910856366157532,0.656222403049469,0.654103696346283,1.2752440279419315
70,0.9036029577255249,0.708737850189209,0.685348629951477,0.6788142919540405,1.5520370254631288
71,0.9145184755325317,0.7069726586341858,0.6782877445220947,0.6739863753318787,1.5293570337058189
72,0.875946581363678,0.7157987952232361,0.6941747665405273,0.6864974498748779,1.4836598395767921
73,0.9066795706748962,0.7316858172416687,0.6954987049102783,0.6857706308364868,1.9920781525996212
74,0.827934205532074,0.7440423965454102,0.7171226739883423,0.7090795636177063,0.9957710471643507
75,0.8228864073753357,0.738746702671051,0.710503101348877,0.7020713090896606,0.9034118638813255
76,0.8369762897491455,0.737864077091217,0.6990291476249695,0.6922597885131836,1.1619454926450947
77,0.8150390982627869,0.7519859075546265,0.7140335440635681,0.714841902256012,0.9677011205905209
78,0.7889452576637268,0.7502206563949585,0.7131509184837341,0.7002543807029724,1.4575941631803844
79,0.7711665630340576,0.7987643480300903,0.7537510991096497,0.7488968372344971,1.462764846471075
80,0.7594868540763855,0.7978817224502563,0.761694610118866,0.7526865005493164,0.7144728897425098
81,0.745854377746582,0.7466902136802673,0.7210944294929504,0.7070030570030212,1.0943992705692966
82,0.7408311367034912,0.7819947004318237,0.7369814515113831,0.7274048924446106,1.1803442281815564
83,0.7018953561782837,0.7749338150024414,0.7581641674041748,0.7499350905418396,1.0824336427384826
84,0.6908634305000305,0.7864077687263489,0.7550750374794006,0.748741090297699,1.3538666716054755
85,0.6973641514778137,0.7528684735298157,0.7285966277122498,0.7156725525856018,1.0627307390940612
86,0.6741135716438293,0.8190644383430481,0.7833186388015747,0.7725172638893127,1.5073651746747154
87,0.6459465622901917,0.7766990661621094,0.7480141520500183,0.7476509213447571,1.2011903728925486
88,0.651970624923706,0.7987643480300903,0.7594881057739258,0.7622904181480408,1.2906485014284184
89,0.6298372149467468,0.7978817224502563,0.7599294185638428,0.7506099939346313,0.9424779975768497
90,0.6207169890403748,0.8490732908248901,0.813327431678772,0.8052743673324585,1.7414754751110741
91,0.6466516852378845,0.8464254140853882,0.8075904846191406,0.8052743673324585,1.9713657120833903
92,0.5747256875038147,0.8323036432266235,0.7987643480300903,0.7928152084350586,1.0601539638651183
93,0.6259465217590332,0.8243601322174072,0.7947925925254822,0.7825364470481873,2.1560772510719883
94,0.5990710854530334,0.8649603128433228,0.814651370048523,0.814047634601593,1.9851855565360172
95,0.5333705544471741,0.8587819933891296,0.8274492621421814,0.8241187930107117,0.780689326391519
96,0.5227311253547668,0.9020299911499023,0.8499558568000793,0.8475315570831299,1.413313220937218
97,0.5399553179740906,0.8596646189689636,0.8225948810577393,0.8109847903251648,1.0181131582022624
98,0.5315598845481873,0.8773168921470642,0.8375992774963379,0.828583300113678,1.5180114887692975
99,0.4923684597015381,0.8826125264167786,0.8345101475715637,0.8305040597915649,1.3308216721540855
100,0.4691353440284729,0.8808473348617554,0.8327449560165405,0.8332554697990417,1.535637211251514
101,0.4702063202857971,0.8923212885856628,0.8490732908248901,0.8388620615005493,1.143732620142875
102,0.4655137360095978,0.9064430594444275,0.8627537488937378,0.8563567399978638,1.2393815941743844
103,0.4211341142654419,0.9249779582023621,0.8874669075012207,0.8796137571334839,1.1012165092091468
104,0.3965400159358978,0.9117387533187866,0.8751103281974792,0.8563567399978638,1.138655445673933
105,0.4344843924045563,0.918799638748169,0.8874669075012207,0.8769661784172058,1.5043173979797377
106,0.38377317786216736,0.918799638748169,0.8870255947113037,0.8782640099525452,1.1209697993388497
107,0.36461058259010315,0.9267431497573853,0.8887908458709717,0.8803405165672302,1.3013942796482618
108,0.3621767461299896,0.9293910264968872,0.8852604031562805,0.8773815035820007,0.9393396375002514
109,0.3220493197441101,0.9320388436317444,0.897616982460022,0.8836110830307007,0.8787903724218529
110,0.35454800724983215,0.9311562180519104,0.897616982460022,0.8836110830307007,1.159302206256246
111,0.38023683428764343,0.9382171034812927,0.8923212885856628,0.8900482654571533,2.2535100250617592
112,0.3518885374069214,0.9435127973556519,0.9046778678894043,0.8986658453941345,1.3879299775792404
113,0.3087694048881531,0.9558693766593933,0.917917013168335,0.9085811972618103,1.1086720988453869
114,0.3209654986858368,0.9646955132484436,0.9192409515380859,0.9101905226707458,1.193291092584719
115,0.35703083872795105,0.9443954229354858,0.9086496233940125,0.8959144353866577,1.5263312540565546
116,0.34867697954177856,0.9620476961135864,0.9174757599830627,0.9064527750015259,1.4297285479570396
117,0.28634586930274963,0.9708737730979919,0.9324801564216614,0.9191195368766785,0.8855374769264573
118,0.29382333159446716,0.9602824449539185,0.9121800661087036,0.9062970280647278,1.2895998337209866
119,0.28409436345100403,0.947925865650177,0.9046778678894043,0.8934745192527771,0.781418150691134
120,0.29251420497894287,0.9638128876686096,0.9311562180519104,0.9175621867179871,0.9830856069234947
121,0.26279786229133606,0.9788172841072083,0.9399823546409607,0.9299174547195435,0.8596307400744497
122,0.2727036476135254,0.9708737730979919,0.9293910264968872,0.9221824407577515,0.724771464093333
123,0.27898797392845154,0.9664607048034668,0.9280670881271362,0.9175102710723877,0.9905200089620101
124,0.23575149476528168,0.9576346278190613,0.918799638748169,0.9112806916236877,0.6092422549407077
125,0.23610852658748627,0.977934718132019,0.9333627820014954,0.9256606101989746,0.7690004805529342
126,0.27329444885253906,0.9832303524017334,0.94748455286026,0.9402481317520142,1.0238392533370566
127,0.21586796641349792,0.9682259559631348,0.925419270992279,0.917665958404541,0.9686606638400405
128,0.2742246687412262,0.9673433303833008,0.9293910264968872,0.9243108630180359,1.3714011627906342
129,0.19857683777809143,0.9867607951164246,0.946601927280426,0.9415978789329529,0.6551401106642304
130,0.22458116710186005,0.9876434206962585,0.949691116809845,0.9434667229652405,1.0549395266445387
131,0.24027009308338165,0.9726390242576599,0.9368932247161865,0.9254529476165771,0.80237685523048
132,0.2194325178861618,0.977934718132019,0.9408649802207947,0.9322535395622253,1.0047118142943452
133,0.204225093126297,0.9796999096870422,0.925419270992279,0.9239474534988403,0.9162303196314685
134,0.27452903985977173,0.9611650705337524,0.9201235771179199,0.9122151136398315,1.8366686175604279
135,0.2134850025177002,0.9699912071228027,0.9298323392868042,0.9212479591369629,0.9984484265303047
136,0.2334875911474228,0.9902912974357605,0.9527802467346191,0.9474121332168579,1.3651743732072759
137,0.2016739696264267,0.9938217401504517,0.9532215595245361,0.9464777112007141,1.4886995584541725
138,0.19602984189987183,0.977934718132019,0.9408649802207947,0.9305403828620911,0.9863063726277952
139,0.23511432111263275,0.9770520925521851,0.9351279735565186,0.9298655390739441,1.4069871553839166
140,0.18066108226776123,0.977934718132019,0.9382171034812927,0.9288272857666016,0.869129571348794
141,0.2077915072441101,0.9708737730979919,0.9338040947914124,0.9274256229400635,2.022294380542932
142,0.1801481395959854,0.9726390242576599,0.9302735924720764,0.9240512847900391,0.7554043672426844
143,0.21501535177230835,0.9796999096870422,0.9351279735565186,0.9341742992401123,1.2913869529007576
144,0.21251900494098663,0.9920564889907837,0.949249804019928,0.9428957104682922,1.4715097605891119
145,0.19034041464328766,0.9929391145706177,0.9527802467346191,0.9462700486183167,1.1905214458093425
146,0.18055841326713562,0.9761694669723511,0.9368932247161865,0.9332917928695679,0.9704163596101197
147,0.1631302386522293,0.9752868413925171,0.9307149052619934,0.9304366111755371,0.7683854035749398
148,0.17043891549110413,0.9902912974357605,0.9443954229354858,0.9428437948226929,0.7456540057462019
149,0.189795583486557,0.9964695572853088,0.9523389339447021,0.9490214586257935,0.8861045279945823
150,0.17700430750846863,0.9832303524017334,0.9448367357254028,0.9383273720741272,1.1595710334920963
151,0.20105651021003723,0.9947043061256409,0.9532215595245361,0.9511498808860779,1.5877866825712161
152,0.15979734063148499,0.9902912974357605,0.9421888589859009,0.9396252036094666,0.6736935663132823
153,0.21262989938259125,0.9708737730979919,0.9205648899078369,0.9195348620414734,1.6540203506917253
154,0.1866021305322647,0.9691085815429688,0.9130626916885376,0.9101386070251465,1.1989375101710325
155,0.21531644463539124,0.9929391145706177,0.9532215595245361,0.9494367241859436,1.6025889568404346
156,0.14829765260219574,0.9788172841072083,0.9355692863464355,0.929034948348999,0.7779258179195749
157,0.1976238638162613,0.9867607951164246,0.94748455286026,0.9449203014373779,1.8628873783650406
158,0.1861342191696167,0.9788172841072083,0.9368932247161865,0.9344338774681091,0.8280739400363623
159,0.2057742178440094,0.9841129779815674,0.9439541101455688,0.944401204586029,1.329483040063572
160,0.143116295337677,0.9885260462760925,0.9426301717758179,0.9435186386108398,0.6648631782537051
161,0.1936817616224289,0.9885260462760925,0.9439541101455688,0.9406634569168091,1.7080642954271732
162,0.15227438509464264,0.9796999096870422,0.9395410418510437,0.9354202151298523,0.912961780568281
163,0.1348755955696106,0.9947043061256409,0.9541041851043701,0.9490214586257935,1.0631041174828582
164,0.16431862115859985,0.9902912974357605,0.948367178440094,0.9467372894287109,1.0053025764984536
165,0.16592763364315033,0.9947043061256409,0.9541041851043701,0.9494367241859436,1.2042529479836421
166,0.15286150574684143,0.9814651608467102,0.9426301717758179,0.9413902163505554,0.9450628567924434
167,0.1647319793701172,0.9849956035614014,0.9439541101455688,0.9415978789329529,1.008227850511118
168,0.15798597037792206,0.9955869317054749,0.9541041851043701,0.948813796043396,1.2727297037864296
169,0.14184507727622986,0.9867607951164246,0.9443954229354858,0.941338300704956,0.5734695315616359
170,0.19472619891166687,0.9876434206962585,0.9518976211547852,0.9476717114448547,1.5835593754886048
171,0.14545534551143646,0.9805825352668762,0.947043240070343,0.9415459632873535,0.8412470416855748
172,0.12286294996738434,0.9885260462760925,0.9523389339447021,0.9487618803977966,0.8618969155487336
173,0.12540365755558014,0.9973521828651428,0.9558693766593933,0.954056978225708,1.1571992153772266
174,0.12254113703966141,0.9973521828651428,0.94748455286026,0.9465815424919128,0.9657969626556294
175,0.1727329045534134,0.9902912974357605,0.9505736827850342,0.9486580491065979,1.3715827160984977
176,0.1198091134428978,0.9841129779815674,0.9386584162712097,0.9363546371459961,0.8421052783166821
177,0.1658213883638382,0.9920564889907837,0.9510149955749512,0.9532783031463623,1.4471676458246363
178,0.11844661086797714,0.9947043061256409,0.946601927280426,0.9490214586257935,0.7884249294544967
179,0.16069452464580536,0.9902912974357605,0.948808491230011,0.9496443867683411,1.6432517638177058
180,0.14385074377059937,0.9911738634109497,0.946601927280426,0.9441416263580322,0.9451777558676042
181,0.12971925735473633,0.9938217401504517,0.950132429599762,0.948813796043396,0.9260067984406453
182,0.1596793830394745,0.9973521828651428,0.9611650705337524,0.9593521356582642,1.4301482546789934
183,0.11561642587184906,0.9955869317054749,0.9514563083648682,0.947567880153656,0.7676157283914683
184,0.18133501708507538,0.9938217401504517,0.950132429599762,0.9495405554771423,1.9005604514439058
185,0.11328715085983276,0.9885260462760925,0.9417476058006287,0.9336552023887634,0.8207567790956073
186,0.17019303143024445,0.9982348084449768,0.9518976211547852,0.950319230556488,1.8401023364660967
187,0.11818215996026993,0.9858782291412354,0.9382171034812927,0.9398328065872192,0.7999385782730946
188,0.1463201642036438,0.9867607951164246,0.9413062930107117,0.9406634569168091,1.5430346055591349
189,0.12728120386600494,0.9911738634109497,0.9518976211547852,0.9447645545005798,1.069879793088109
190,0.13645273447036743,0.9744042158126831,0.925860583782196,0.9193791151046753,0.819146910893942
191,0.2350311130285263,0.9841129779815674,0.9439541101455688,0.9439339637756348,2.663196788641291
192,0.10528673231601715,0.9655781388282776,0.9192409515380859,0.9197944402694702,0.733283546024285
193,0.23959800601005554,0.9849956035614014,0.9404236674308777,0.9385350346565247,2.682636259139292
194,0.17409378290176392,0.9796999096870422,0.925860583782196,0.9202616214752197,1.0926935829215065
195,0.17971791326999664,0.9947043061256409,0.9448367357254028,0.9434667229652405,1.800107555292858
196,0.1450202912092209,0.9964695572853088,0.9598411321640015,0.9585214853286743,1.3893526012059987
197,0.1333746314048767,0.9938217401504517,0.9554280638694763,0.9550433158874512,0.9276632981773667
198,0.1328485608100891,0.9964695572853088,0.9580759406089783,0.958469569683075,1.079889168935302
199,0.114963598549366,0.9964695572853088,0.9563106894493103,0.9548357129096985,0.6967859427007366
200,0.12248716503381729,0.9947043061256409,0.9505736827850342,0.950319230556488,0.6533044227464296
201,0.14397218823432922,0.9982348084449768,0.9598411321640015,0.9567045569419861,1.1824607595792458
202,0.13626404106616974,0.9955869317054749,0.9616063833236694,0.9580543041229248,0.8488953902168082
203,0.12803088128566742,0.9973521828651428,0.9598411321640015,0.957119882106781,0.6162113557242079
204,0.1126737967133522,0.9841129779815674,0.948808491230011,0.9480350613594055,0.7405386973039473
205,0.16293008625507355,0.9955869317054749,0.9602824449539185,0.9536936283111572,1.2897226572687452
206,0.1226624846458435,0.9947043061256409,0.9563106894493103,0.9510460495948792,1.213980192370679
207,0.11649186909198761,0.9973521828651428,0.9602824449539185,0.9554586410522461,0.967109931231767
208,0.13740134239196777,0.9832303524017334,0.948367178440094,0.9449203014373779,0.8702561353699485
209,0.1013655886054039,0.9858782291412354,0.9439541101455688,0.9459585547447205,0.6174465343946092
210,0.11944965273141861,0.9973521828651428,0.9571933150291443,0.9573794007301331,0.9094681439067102
211,0.13708534836769104,1.0,0.9563106894493103,0.9568603038787842,1.4254386253905476
212,0.1119907945394516,0.9867607951164246,0.9399823546409607,0.9378082156181335,0.9127857519151753
213,0.16006360948085785,0.9947043061256409,0.950132429599762,0.9489695429801941,1.396580554306889
214,0.10190786421298981,0.9955869317054749,0.9448367357254028,0.941182553768158,0.7141152439662154
215,0.23079471290111542,0.9832303524017334,0.9461606740951538,0.9421170353889465,2.4084253244662173
216,0.15760570764541626,0.9796999096870422,0.946601927280426,0.9405596256256104,1.1232418285646273
217,0.15674622356891632,0.9964695572853088,0.9593998193740845,0.9579504728317261,1.1323535576960613
218,0.10851659625768661,0.9646955132484436,0.9271844625473022,0.9246223568916321,0.5339438956503094
219,0.17773574590682983,0.9964695572853088,0.9532215595245361,0.9504749774932861,1.783921877838804
220,0.11711683869361877,0.9726390242576599,0.9249779582023621,0.9303846955299377,0.5643686291432849
221,0.20046013593673706,0.9955869317054749,0.9576346278190613,0.951980471611023,1.4688155410573844
222,0.10882676392793655,0.9964695572853088,0.9563106894493103,0.9516689777374268,0.5010626220802797
223,0.14869464933872223,0.9947043061256409,0.9607237577438354,0.9566007256507874,1.2638007986017763
224,0.10934855788946152,0.9858782291412354,0.948367178440094,0.9488657116889954,0.6377485858623984
225,0.1360681802034378,0.9876434206962585,0.9532215595245361,0.9505268931388855,0.822601793409694
226,0.11110297590494156,0.9964695572853088,0.9576346278190613,0.9583138823509216,0.7138494362761205
227,0.09372840821743011,0.9982348084449768,0.9558693766593933,0.9562373161315918,0.47038844232491556
228,0.13861045241355896,0.9964695572853088,0.9576346278190613,0.9593002200126648,1.3564678686367864
229,0.13531962037086487,0.9955869317054749,0.9545454382896423,0.9561854004859924,1.015356759765971
230,0.1094709038734436,0.9973521828651428,0.9518976211547852,0.9573274850845337,0.6115283210036495
231,0.09213247895240784,1.0,0.9571933150291443,0.9562892317771912,0.5493661595833594
232,0.11157993972301483,0.9982348084449768,0.9607237577438354,0.9580023884773254,1.2973033991395524
233,0.10936465114355087,0.9982348084449768,0.9655781388282776,0.9607537984848022,0.8732970372980338
234,0.09326784312725067,0.9964695572853088,0.9651368260383606,0.959611713886261,0.5190505560770531
235,0.08863154798746109,0.9982348084449768,0.9664607048034668,0.9627783894538879,0.5250263554435833
236,0.1038004457950592,0.9982348084449768,0.9638128876686096,0.9618958830833435,0.7220008783662802
237,0.09354734420776367,0.9982348084449768,0.9616063833236694,0.9588848948478699,0.47347543439246054
238,0.08456207811832428,0.9982348084449768,0.9620476961135864,0.960286557674408,0.5573013339381707
239,0.09599588066339493,0.9982348084449768,0.9598411321640015,0.9607018828392029,0.6945317994870158
240,0.07009829580783844,0.9982348084449768,0.9576346278190613,0.9588329792022705,0.3860444725346801
241,0.0815943107008934,0.9973521828651428,0.9576346278190613,0.9583138823509216,0.4563865803190779
242,0.07954856753349304,0.9973521828651428,0.9558693766593933,0.9561334848403931,0.4475552809842844
243,0.09294677525758743,0.9973521828651428,0.9514563083648682,0.9572237133979797,0.7249923472643521
244,0.07952188700437546,0.9982348084449768,0.9541041851043701,0.9580543041229248,0.5868748379920319
245,0.07560107111930847,1.0,0.9558693766593933,0.9586772322654724,0.3820767530092456
246,0.07886011153459549,0.999117374420166,0.9567520022392273,0.9603903889656067,0.46548143838394557
247,0.08902129530906677,0.9982348084449768,0.9598411321640015,0.9621554017066956,0.8304794611019953
248,0.0707584097981453,0.9982348084449768,0.9611650705337524,0.9614286422729492,0.8516040827427527
249,0.09607832133769989,0.9973521828651428,0.9642542004585266,0.961688220500946,0.9319620180299176
250,0.12257745116949081,0.9964695572853088,0.9598411321640015,0.9574313163757324,0.8887096712863556
251,0.09480363875627518,0.9964695572853088,0.9607237577438354,0.9569122195243835,0.8891030770788161
252,0.1101575717329979,0.9973521828651428,0.9616063833236694,0.9597674012184143,0.8641822318273433
253,0.0803915411233902,0.9982348084449768,0.9642542004585266,0.9631417393684387,0.8355673446015324
254,0.07274024933576584,1.0,0.9655781388282776,0.9653740525245667,0.770200581288635
255,0.07764474302530289,0.9964695572853088,0.9607237577438354,0.9584177136421204,0.5895172114258038
256,0.09375699609518051,0.999117374420166,0.9602824449539185,0.9610652327537537,1.1764486214585315
257,0.08910350501537323,0.9973521828651428,0.9593998193740845,0.9596635699272156,1.4284361073147913
258,0.08668272197246552,0.9876434206962585,0.9461606740951538,0.9472563862800598,0.6883932310512196
259,0.13156677782535553,0.9973521828651428,0.9620476961135864,0.9601827263832092,1.2671346592190063
260,0.08149280399084091,0.9982348084449768,0.9616063833236694,0.9610133171081543,0.7090596472217628
261,0.08246859908103943,0.9973521828651428,0.9607237577438354,0.962934136390686,0.7638801685477052
262,0.08088669180870056,0.9982348084449768,0.9664607048034668,0.9653740525245667,0.7012100356693571
263,0.08312588930130005,1.0,0.9651368260383606,0.962934136390686,0.6447738811767926
264,0.09515856206417084,1.0,0.9642542004585266,0.9629860520362854,0.6457466462616734
265,0.08116503804922104,1.0,0.9629302620887756,0.9633494019508362,0.6271235047740813
266,0.06319287419319153,0.9973521828651428,0.9607237577438354,0.9600788950920105,0.4581992727376471
267,0.07491513341665268,0.9982348084449768,0.9633715748786926,0.9649068117141724,0.875296812404569
268,0.06177525594830513,0.999117374420166,0.9646955132484436,0.9624149799346924,0.3800156757430836
269,0.06877374649047852,0.999117374420166,0.9655781388282776,0.9613248109817505,0.7614301162845444
270,0.08294618129730225,0.9982348084449768,0.9607237577438354,0.9606499671936035,0.42335329691298534
271,0.06946798413991928,0.9964695572853088,0.9549867510795593,0.9570160508155823,0.487756829030087
272,0.0942576602101326,0.9982348084449768,0.9554280638694763,0.961117148399353,0.8283185510652767
273,0.06594615429639816,1.0,0.9567520022392273,0.9578985571861267,0.41659156259249175
274,0.07667593657970428,1.0,0.9602824449539185,0.9607018828392029,0.8796947454196007
275,0.06998828798532486,0.9982348084449768,0.9624889492988586,0.9618439674377441,0.6430160555859352
276,0.05233658105134964,0.9955869317054749,0.9633715748786926,0.9598193168640137,0.4760921060811671
277,0.06797642260789871,1.0,0.9660194516181946,0.9649068117141724,0.84900533238788
278,0.04792182892560959,1.0,0.9651368260383606,0.9604942202568054,0.3582600992484165
279,0.05294607952237129,0.9982348084449768,0.9646955132484436,0.9625707268714905,1.1736599201049986
280,0.06286176294088364,0.9973521828651428,0.9638128876686096,0.9590925574302673,0.3827968174657994
281,0.0695960745215416,1.0,0.9624889492988586,0.9611690640449524,1.105346101324819
282,0.06782732903957367,0.9982348084449768,0.9602824449539185,0.958365797996521,0.50220979823259
283,0.09302273392677307,0.999117374420166,0.9602824449539185,0.961117148399353,1.0226595580663795
284,0.0677955150604248,0.9964695572853088,0.9624889492988586,0.9583138823509216,0.3916039197376942
285,0.09213586896657944,0.9982348084449768,0.9677846431732178,0.9645434021949768,0.9303461450408621
286,0.05043594911694527,1.0,0.9682259559631348,0.9643357396125793,0.44075821198376336
287,0.05032767727971077,1.0,0.9651368260383606,0.9621034860610962,0.4040475553644531
288,0.08657179772853851,1.0,0.9664607048034668,0.9639204740524292,0.6560302766332282
289,0.06926906108856201,0.9982348084449768,0.9655781388282776,0.9647510647773743,0.5747459719569383
290,0.10161101818084717,0.9964695572853088,0.9660194516181946,0.9635570645332336,0.5579048440788998
291,0.07012981921434402,1.0,0.9669020175933838,0.9658931493759155,0.6940673851988662
292,0.0788559690117836,0.9982348084449768,0.9699912071228027,0.9635051488876343,0.8912986259003584
293,0.07951942086219788,1.0,0.9669020175933838,0.9613248109817505,0.9667835814020844
294,0.09408069401979446,0.9982348084449768,0.9629302620887756,0.9601308107376099,0.8073923745401651
295,0.07087582349777222,0.9955869317054749,0.9580759406089783,0.9559777975082397,0.5074702175479272
296,0.05821665748953819,0.9982348084449768,0.9673433303833008,0.9631936550140381,0.7738653180799996
297,0.06967739760875702,1.0,0.9638128876686096,0.9619477987289429,0.5295132757101614
298,0.06656881421804428,0.9982348084449768,0.9624889492988586,0.9619477987289429,0.7943903393098227
299,0.07468448579311371,0.9973521828651428,0.9580759406089783,0.9597154855728149,0.6229064318658956
300,0.08532349765300751,1.0,0.9638128876686096,0.9619996547698975,1.0087225223437093
301,0.060380954295396805,0.9902912974357605,0.9567520022392273,0.9509941339492798,0.6282410346335133
302,0.11026134341955185,0.9973521828651428,0.9708737730979919,0.9671909809112549,1.8572106835256466
303,0.07937586307525635,0.9841129779815674,0.9545454382896423,0.953382134437561,0.9176735054366111
304,0.14667901396751404,0.9982348084449768,0.9660194516181946,0.965425968170166,1.5917978295882118
305,0.06166648492217064,0.9885260462760925,0.9554280638694763,0.9550952315330505,0.677749565758416
306,0.12994667887687683,0.9982348084449768,0.9664607048034668,0.9649068117141724,2.1279477413119774
307,0.05013894662261009,0.9867607951164246,0.9563106894493103,0.9541088938713074,0.39766325968230637
308,0.07979041337966919,0.9894086718559265,0.9585171937942505,0.9548876285552979,0.8000924576808471
309,0.08346787840127945,0.9982348084449768,0.9664607048034668,0.9647510647773743,0.8845608084179237
310,0.07167525589466095,1.0,0.9620476961135864,0.9603903889656067,0.7484564050985352
311,0.058081354945898056,1.0,0.9571933150291443,0.9537455439567566,0.6069845236981879
312,0.06926245987415314,1.0,0.9624889492988586,0.9598193168640137,0.9354134692045755
313,0.06269032508134842,0.9982348084449768,0.9598411321640015,0.9551471471786499,0.5681661836750558
314,0.1145409420132637,0.9911738634109497,0.9536628723144531,0.9510979652404785,1.6225777843321554
315,0.06478513032197952,0.9894086718559265,0.9527802467346191,0.9426361322402954,0.7532977928119411
316,0.10302142053842545,0.9938217401504517,0.9541041851043701,0.945750892162323,1.1208356840284
317,0.1254754215478897,0.9911738634109497,0.948367178440094,0.9502154588699341,1.4552589741750834
318,0.10512722283601761,0.9982348084449768,0.9576346278190613,0.9576908946037292,1.689811574562192
319,0.12349576503038406,0.9938217401504517,0.9541041851043701,0.951565146446228,1.4420183345212205
320,0.09411720931529999,0.9805825352668762,0.9386584162712097,0.9358355402946472,0.7816069424487182
321,0.2040424644947052,0.9973521828651428,0.9664607048034668,0.9664642214775085,2.5523516131139967
322,0.07608091831207275,0.9532215595245361,0.9240953326225281,0.9250895380973816,0.42426081407507676
323,0.24791567027568817,0.9982348084449768,0.9607237577438354,0.9595597982406616,4.054924929787434
324,0.08159535378217697,0.977934718132019,0.9346866607666016,0.9342262148857117,1.02182448270013
325,0.17010055482387543,0.9885260462760925,0.9351279735565186,0.9371852874755859,2.3764410100513382
326,0.17145895957946777,0.9788172841072083,0.9355692863464355,0.940507709980011,1.451710591168262
327,0.12906807661056519,0.9964695572853088,0.9611650705337524,0.9560816287994385,1.439329149521408
328,0.10351408272981644,0.9920564889907837,0.9567520022392273,0.9495405554771423,0.8556219544775674
329,0.12307047098875046,0.9955869317054749,0.9616063833236694,0.9555624723434448,1.4827608121086318
330,0.10176144540309906,0.9964695572853088,0.970432460308075,0.9638166427612305,0.823015148403295
331,0.08411677181720734,0.9955869317054749,0.9651368260383606,0.961532473564148,0.4916242467869046
332,0.09443552792072296,0.9982348084449768,0.9677846431732178,0.9660488963127136,0.9489950120693967
333,0.08640474826097488,1.0,0.9713150858879089,0.9668794870376587,0.6407197496646035
334,0.06575976312160492,1.0,0.970432460308075,0.9639204740524292,0.607583913211548
335,0.08328596502542496,0.9982348084449768,0.9686672687530518,0.9660488963127136,0.8705596051441659
336,0.07432308048009872,0.9955869317054749,0.9651368260383606,0.9617920517921448,0.4081910552731303
337,0.08209652453660965,0.9973521828651428,0.9699912071228027,0.96677565574646,1.1154752001524741
338,0.07074280083179474,0.999117374420166,0.9664607048034668,0.9634013175964355,0.48976271612177974
339,0.08832140266895294,0.9982348084449768,0.9677846431732178,0.9639723896980286,0.9016001323526927
340,0.0655912458896637,0.9973521828651428,0.9607237577438354,0.9610652327537537,0.7360975236728896
341,0.06773681193590164,0.9929391145706177,0.9549867510795593,0.9526034593582153,0.5043266761812761
342,0.09848890453577042,0.9973521828651428,0.9585171937942505,0.9583138823509216,0.8823578929669842
343,0.07725341618061066,1.0,0.9602824449539185,0.9591963887214661,0.6600830200561761
344,0.06055675446987152,1.0,0.9633715748786926,0.9578466415405273,0.49729135844434025
345,0.11021226644515991,0.999117374420166,0.9677846431732178,0.9644914865493774,0.9505049195832693
346,0.07944412529468536,0.999117374420166,0.9669020175933838,0.9660488963127136,0.9407093607559239
347,0.10889407247304916,0.9964695572853088,0.9695498943328857,0.9665680527687073,1.0614053216175583
348,0.09833034127950668,0.9973521828651428,0.9735216498374939,0.9680215716362,1.0361538150173966
349,0.06556084007024765,1.0,0.9717563986778259,0.9658931493759155,0.5641983861808098
350,0.08094854652881622,0.9929391145706177,0.9580759406089783,0.9587810635566711,0.614500267035873
351,0.07577473670244217,0.999117374420166,0.9673433303833008,0.9643876552581787,0.9858752182432154
352,0.08043117076158524,0.9982348084449768,0.9686672687530518,0.9674505591392517,0.8348688585660597
353,0.07628131657838821,0.9894086718559265,0.9638128876686096,0.9608056545257568,0.7596220204108464
354,0.09516406804323196,0.9947043061256409,0.9664607048034668,0.9607018828392029,0.8462263694128319
355,0.06727926433086395,1.0,0.9695498943328857,0.9634013175964355,0.8149411567693463
356,0.07464836537837982,0.9982348084449768,0.9717563986778259,0.9657374024391174,0.7395951885456488
357,0.07113941013813019,1.0,0.9713150858879089,0.9663084745407104,0.9741301557650001
358,0.04468803107738495,0.9973521828651428,0.9669020175933838,0.9630898833274841,0.4056409009671769
359,0.08034871518611908,0.9947043061256409,0.9607237577438354,0.9585214853286743,0.6506732657986738
360,0.07400710880756378,0.9982348084449768,0.9651368260383606,0.9621034860610962,0.6110173605745326
361,0.05372236296534538,1.0,0.9638128876686096,0.960286557674408,0.3085551694575209
362,0.07552509009838104,1.0,0.9629302620887756,0.9601827263832092,0.6101134723604309
363,0.061790768057107925,1.0,0.9638128876686096,0.960442304611206,0.40613347415585266
364,0.059320658445358276,0.999117374420166,0.9664607048034668,0.9613767266273499,0.5275954809019615
365,0.05620349571108818,0.9973521828651428,0.9646955132484436,0.961688220500946,0.3953620931626106
366,0.05008714646100998,0.999117374420166,0.9669020175933838,0.9627783894538879,0.4082105076565151
367,0.058253221213817596,0.999117374420166,0.9691085815429688,0.9637647271156311,0.532636100324262
368,0.05618669465184212,0.9982348084449768,0.9664607048034668,0.9603384733200073,0.4344627962038718
369,0.07963992655277252,1.0,0.9691085815429688,0.9659450650215149,0.9810398112361172
370,0.06220141053199768,0.9973521828651428,0.9673433303833008,0.9650625586509705,0.23007737059711886
371,0.056436166167259216,0.9982348084449768,0.9673433303833008,0.966100811958313,0.680658502184885
372,0.07229561358690262,0.9982348084449768,0.9686672687530518,0.9674505591392517,0.4040685762227099
373,0.04967686906456947,1.0,0.9677846431732178,0.9658412337303162,0.31273146523802
374,0.065033458173275,1.0,0.9677846431732178,0.9644395709037781,0.4588429339266077
375,0.04708615317940712,1.0,0.9686672687530518,0.9642319679260254,0.34280006991361356
376,0.048543717712163925,1.0,0.9699912071228027,0.9656854867935181,0.3492665190001866
377,0.03888481855392456,1.0,0.9677846431732178,0.966100811958313,0.25494399595433254
378,0.039246637374162674,1.0,0.9673433303833008,0.9642838835716248,0.3735673193041855
379,0.04130900278687477,1.0,0.9660194516181946,0.96552973985672,0.48295331791511065
380,0.04883745312690735,1.0,0.9642542004585266,0.9648029804229736,0.3900997350284878
381,0.03754514455795288,1.0,0.9620476961135864,0.9642838835716248,0.42647836974655584
382,0.04948822408914566,1.0,0.9646955132484436,0.9648029804229736,0.5661483948201265
383,0.07088850438594818,1.0,0.9686672687530518,0.965425968170166,0.6504234328265657
384,0.0390278622508049,1.0,0.9664607048034668,0.9625707268714905,0.42661406348710373
385,0.03583648428320885,0.9982348084449768,0.9664607048034668,0.9637647271156311,0.4741922550971316
386,0.04578324407339096,1.0,0.9695498943328857,0.9663603901863098,0.5644902651995309
387,0.045745398849248886,1.0,0.9691085815429688,0.967346727848053,0.3721341192765747
388,0.05201836675405502,1.0,0.9646955132484436,0.9666718244552612,0.3705282261463248
389,0.08389554917812347,1.0,0.9646955132484436,0.9665161371231079,1.10040080184142
390,0.044654060155153275,0.9938217401504517,0.9593998193740845,0.9618439674377441,0.48026227046194353
391,0.060679566115140915,0.999117374420166,0.9633715748786926,0.9637647271156311,1.0400665318122688
392,0.06534585356712341,0.9955869317054749,0.9602824449539185,0.9578466415405273,0.7447632350883473
393,0.09912658482789993,0.9973521828651428,0.9664607048034668,0.9644914865493774,1.9127210101712417
394,0.04334508255124092,0.9849956035614014,0.9523389339447021,0.9519285559654236,0.39784847834526244
395,0.10048871487379074,0.9982348084449768,0.9642542004585266,0.9619477987289429,1.3306005826441185
396,0.058166470378637314,1.0,0.9664607048034668,0.9643876552581787,0.6343444039076
397,0.06765124201774597,0.999117374420166,0.9655781388282776,0.963608980178833,0.7659749487750235
398,0.0965300053358078,0.9982348084449768,0.9730803370475769,0.9681254029273987,1.38542277404724
399,0.050663404166698456,0.9867607951164246,0.9633715748786926,0.9579504728317261,0.42845716255039645
400,0.08053270727396011,0.9885260462760925,0.9651368260383606,0.9588329792022705,0.7390231506756926
401,0.06461392343044281,0.9982348084449768,0.9721977114677429,0.9675543904304504,0.6074746692806219
402,0.046103548258543015,0.999117374420166,0.9677846431732178,0.9644914865493774,0.33486830824089087
403,0.07572765648365021,0.999117374420166,0.9686672687530518,0.9649587273597717,0.5793341539568954
404,0.06369397044181824,0.9982348084449768,0.9682259559631348,0.9661527276039124,0.5947342678307506
405,0.053928203880786896,0.9982348084449768,0.9682259559631348,0.9668275713920593,0.5015525516998621
406,0.06050139665603638,1.0,0.9691085815429688,0.9675543904304504,0.4405508340386308
407,0.0651436373591423,1.0,0.9717563986778259,0.9669314026832581,0.5249661729089846
408,0.05370098724961281,1.0,0.9739629626274109,0.9683849811553955,0.4664468338001055
409,0.05410222336649895,0.9982348084449768,0.9735216498374939,0.9666718244552612,0.3869969986600952
410,0.06308960914611816,0.9973521828651428,0.9708737730979919,0.9648029804229736,0.4307027225835275
411,0.04188161343336105,0.9982348084449768,0.9691085815429688,0.9639723896980286,0.5053058529642348
412,0.04287821426987648,1.0,0.9735216498374939,0.9668275713920593,0.48846571926848653
413,0.03825576230883598,1.0,0.9770520925521851,0.968592643737793,0.2825432749309566
414,0.04401122033596039,1.0,0.9757281541824341,0.968177318572998,0.29264856062940037
415,0.06363946944475174,1.0,0.9752868413925171,0.9705653190612793,0.6738689600871738
416,0.038046546280384064,1.0,0.9699912071228027,0.9690598249435425,0.37144992723266057
417,0.03840772435069084,1.0,0.9677846431732178,0.9673986434936523,0.33204168617649776
418,0.06094256788492203,1.0,0.9713150858879089,0.9682292342185974,0.46086520578666235
419,0.043710216879844666,1.0,0.9713150858879089,0.9677101373672485,0.34576477157415825
420,0.04636763036251068,1.0,0.9695498943328857,0.9649587273597717,0.3612760783897918
421,0.06099845841526985,1.0,0.9673433303833008,0.9633494019508362,0.5551956625783067
422,0.05097293481230736,1.0,0.9677846431732178,0.9651663899421692,0.6504968062079634
423,0.05018497630953789,1.0,0.9655781388282776,0.9628303050994873,0.7287123768965328
424,0.037936728447675705,0.999117374420166,0.9660194516181946,0.9630898833274841,0.4832780436499136
425,0.0487731397151947,1.0,0.9730803370475769,0.9702019095420837,0.8001842583365559
426,0.05041046440601349,1.0,0.9677846431732178,0.9679177403450012,0.7016011423390474
427,0.05321862921118736,0.9982348084449768,0.9673433303833008,0.9658931493759155,0.7978592590813431
428,0.06473995000123978,0.9982348084449768,0.9682259559631348,0.9659450650215149,0.7376443058435195
429,0.05552442744374275,1.0,0.9624889492988586,0.9630379676818848,0.5350920273421115
430,0.07267135381698608,1.0,0.9651368260383606,0.9647510647773743,0.7468454458958999
431,0.06839499622583389,0.999117374420166,0.9699912071228027,0.9658412337303162,0.8253474824417362
432,0.06221482902765274,0.999117374420166,0.9682259559631348,0.9662565588951111,0.8986576717572201
433,0.05411869287490845,1.0,0.970432460308075,0.968592643737793,0.6464894303089024
434,0.035921115428209305,0.9973521828651428,0.9642542004585266,0.9615843892097473,0.24384309154275752
435,0.05937521904706955,0.999117374420166,0.9624889492988586,0.9621034860610962,0.7431714321744162
436,0.060809310525655746,1.0,0.9682259559631348,0.9665680527687073,0.5832510833119489
437,0.07679983973503113,0.9982348084449768,0.9682259559631348,0.9659450650215149,0.518683807083471
438,0.05317135900259018,1.0,0.9713150858879089,0.971240222454071,0.9323763632787946
439,0.03329668939113617,0.9982348084449768,0.9669020175933838,0.9662565588951111,0.48769854821853326
440,0.09308473020792007,0.9982348084449768,0.9638128876686096,0.9619477987289429,0.9127090337040081
441,0.054207250475883484,1.0,0.9655781388282776,0.9658412337303162,0.6985153666084839
442,0.054282113909721375,1.0,0.9695498943328857,0.9675024747848511,0.3813129744239374
443,0.05584883689880371,1.0,0.9682259559631348,0.9652702212333679,0.6915998999976245
444,0.06062968820333481,0.9982348084449768,0.9686672687530518,0.9679177403450012,0.5940038161280075
445,0.05442344769835472,0.9982348084449768,0.9695498943328857,0.9675024747848511,0.40207452709751484
446,0.043996717780828476,1.0,0.9699912071228027,0.9677101373672485,0.49188562571256844
447,0.03212155029177666,1.0,0.9655781388282776,0.9654778242111206,0.2552657346140011
448,0.053717490285634995,1.0,0.9664607048034668,0.9656854867935181,0.41430487794647247
449,0.04384712874889374,0.999117374420166,0.9686672687530518,0.9666718244552612,0.8700576598862841
450,0.03706836700439453,0.9973521828651428,0.9642542004585266,0.9636608958244324,0.324941495497894
451,0.05671369284391403,1.0,0.9682259559631348,0.9667237401008606,0.8089947424546035
452,0.03772361949086189,1.0,0.9682259559631348,0.96677565574646,0.27729850676473816
453,0.03292308747768402,1.0,0.9655781388282776,0.9653740525245667,0.3027150262693546
454,0.03169325739145279,1.0,0.9677846431732178,0.9665161371231079,0.4734149469727612
455,0.054858479648828506,0.9982348084449768,0.9708737730979919,0.9699423909187317,0.6369333702437104
456,0.04487000033259392,0.9973521828651428,0.9655781388282776,0.963608980178833,0.26881875419771106
457,0.07698754221200943,0.9982348084449768,0.9717563986778259,0.9683849811553955,0.795310785989891
458,0.04401267692446709,1.0,0.9739629626274109,0.9716554880142212,0.49298983910596256
459,0.04451826587319374,1.0,0.9669020175933838,0.9671909809112549,0.3841334292766915
460,0.0766248106956482,0.9982348084449768,0.9620476961135864,0.9595597982406616,0.836209106612026
461,0.05228352174162865,0.999117374420166,0.9620476961135864,0.958625316619873,0.6648783797311791
462,0.06338212639093399,0.999117374420166,0.9677846431732178,0.9668275713920593,0.6527790643114041
463,0.05008140578866005,1.0,0.9660194516181946,0.9670352339744568,0.660265654865183
464,0.07098209857940674,1.0,0.9655781388282776,0.96552973985672,0.8003812778324413
465,0.053712308406829834,1.0,0.9691085815429688,0.9669833183288574,0.6891864538812064
466,0.0622224323451519,1.0,0.9624889492988586,0.9616363048553467,0.6763328029618223
467,0.04033456742763519,1.0,0.9580759406089783,0.9567045569419861,0.33745141439039494
468,0.07606295496225357,1.0,0.9633715748786926,0.9633494019508362,0.858749394380461
469,0.051677923649549484,1.0,0.9664607048034668,0.964180052280426,0.43322975753699583
470,0.115371473133564,1.0,0.9664607048034668,0.9654778242111206,0.9764102153133775
471,0.05645792931318283,0.9982348084449768,0.9651368260383606,0.9653221368789673,0.5677019652541979
472,0.039722781628370285,0.9982348084449768,0.9642542004585266,0.9614805579185486,0.43881891345576696
473,0.05662720277905464,0.9982348084449768,0.9655781388282776,0.9638685584068298,0.5622254287239483
474,0.09062355011701584,1.0,0.9664607048034668,0.9653221368789673,0.7810727436826345
475,0.06561324745416641,0.9982348084449768,0.9673433303833008,0.9657893180847168,0.7293580089795053
476,0.05871190130710602,1.0,0.9726390242576599,0.9691636562347412,0.6113311851814491
477,0.048386864364147186,1.0,0.9713150858879089,0.9687483906745911,0.4974288718755512
478,0.03992002084851265,1.0,0.9651368260383606,0.9645434021949768,0.3374538250433802
479,0.04296182468533516,0.999117374420166,0.9660194516181946,0.9656854867935181,0.4634385995187302
480,0.06509676575660706,0.9982348084449768,0.9721977114677429,0.9706172347068787,0.6945023045057366
481,0.06232817471027374,0.999117374420166,0.9695498943328857,0.9670871496200562,0.4291773967500129
482,0.060715753585100174,1.0,0.9699912071228027,0.9678139090538025,1.001840959475062
483,0.061106473207473755,1.0,0.9686672687530518,0.9670871496200562,0.43545431943271745
484,0.05486234650015831,1.0,0.9691085815429688,0.9678139090538025,0.8701344069383967
485,0.04858263581991196,1.0,0.9691085815429688,0.9666199684143066,0.3800283148720834
486,0.06230504438281059,1.0,0.9730803370475769,0.9677101373672485,0.5914765072321548
487,0.07142689824104309,1.0,0.9766107797622681,0.9729533195495605,0.8298374456633388
488,0.04945524036884308,1.0,0.9744042158126831,0.9714478254318237,0.37799866075567623
489,0.06007544323801994,1.0,0.9730803370475769,0.9707210659980774,0.6248893262501479
490,0.04641789570450783,1.0,0.9708737730979919,0.9702019095420837,0.3888182694597774
491,0.055096808820962906,0.9982348084449768,0.970432460308075,0.9680734872817993,0.3877606869401781
492,0.043836165219545364,1.0,0.9686672687530518,0.9679696559906006,0.4379981723779432
493,0.04088945314288139,1.0,0.9717563986778259,0.9670352339744568,0.4275363138495361
494,0.04201629385352135,1.0,0.9721977114677429,0.9677620530128479,0.3980288624142682
495,0.05780109390616417,1.0,0.9726390242576599,0.9688522219657898,0.5521670270938154
496,0.05667535960674286,1.0,0.9699912071228027,0.9684888124465942,0.3699148568751616
497,0.04833846166729927,1.0,0.9677846431732178,0.9691636562347412,0.3836512049002376
498,0.05365775153040886,1.0,0.9713150858879089,0.9718631505966187,0.40485503223402924
499,0.04233422130346298,1.0,0.9757281541824341,0.9717074036598206,0.5031875882663025
500,0.03709721192717552,1.0,0.9726390242576599,0.9670871496200562,0.4776698696569819
501,0.07855958491563797,1.0,0.9735216498374939,0.9682811498641968,0.770814874842171
502,0.06439383327960968,1.0,0.9748455286026001,0.968592643737793,0.4639699337834169
503,0.03421321138739586,1.0,0.9726390242576599,0.9687483906745911,0.19544332439506873
504,0.03543306142091751,1.0,0.9717563986778259,0.9683330655097961,0.3561959973759976
505,0.05993451178073883,1.0,0.9730803370475769,0.9702019095420837,0.8112083850465567
506,0.04384171962738037,1.0,0.9721977114677429,0.9689560532569885,0.5272274578769389
507,0.04347706586122513,1.0,0.9655781388282776,0.9656335711479187,0.2942925392588449
508,0.042708870023489,1.0,0.9633715748786926,0.964854896068573,0.5163524702869848
509,0.045262519270181656,1.0,0.9642542004585266,0.96552973985672,0.4091518498414253
510,0.048196788877248764,1.0,0.9677846431732178,0.9679177403450012,0.43340362726770976
511,0.05408521369099617,1.0,0.9695498943328857,0.9695270657539368,0.414226830151
512,0.035359423607587814,0.999117374420166,0.9695498943328857,0.9703057408332825,0.4792675262669037
513,0.05487443506717682,0.999117374420166,0.9721977114677429,0.9717074036598206,0.4494802677747787
514,0.044463831931352615,1.0,0.9713150858879089,0.9706172347068787,0.5944626581761616
515,0.055049240589141846,1.0,0.9677846431732178,0.9705653190612793,0.8118196499586894
516,0.04660319164395332,0.999117374420166,0.9633715748786926,0.9614805579185486,0.47802454434786484
517,0.08442933112382889,1.0,0.9673433303833008,0.9668794870376587,0.8820320087376988
518,0.07533129304647446,1.0,0.9717563986778259,0.9700462222099304,0.4784361972639292
519,0.06535428762435913,1.0,0.9739629626274109,0.9714478254318237,0.6425563152858262
520,0.04802558571100235,1.0,0.9752868413925171,0.9721227288246155,0.4674741968608537
521,0.05644172057509422,1.0,0.9726390242576599,0.9702019095420837,0.45621521438192475
522,0.05259348079562187,1.0,0.9660194516181946,0.9640243053436279,0.32992058960558274
523,0.04642677679657936,1.0,0.9646955132484436,0.9630379676818848,0.7152893793866374
524,0.0527811199426651,1.0,0.9673433303833008,0.9634013175964355,0.5250318180546439
525,0.04700842872262001,1.0,0.970432460308075,0.9662046432495117,0.3681799468742196
526,0.049930594861507416,1.0,0.9735216498374939,0.9695789813995361,0.4131549817799521
527,0.044391948729753494,1.0,0.9699912071228027,0.9671390652656555,0.4511750245042427
528,0.05766039714217186,1.0,0.970432460308075,0.9683330655097961,0.5817524403183973
529,0.08214179426431656,1.0,0.9739629626274109,0.9715516567230225,0.8369308182098723
530,0.04846804589033127,1.0,0.970432460308075,0.9673986434936523,0.4734703447492543
531,0.03662467002868652,1.0,0.9691085815429688,0.9664642214775085,0.4219059549746738
532,0.08259762078523636,1.0,0.9655781388282776,0.9649587273597717,0.8482472866843357
533,0.08553915470838547,1.0,0.9717563986778259,0.9664123058319092,0.8617626507493702
534,0.05485724285244942,1.0,0.9757281541824341,0.9685407280921936,0.5198647847255344
535,0.0487307570874691,1.0,0.9735216498374939,0.9693194031715393,0.4916065084579459
536,0.07628381252288818,1.0,0.9752868413925171,0.9713959097862244,0.799813738166657
537,0.04183114692568779,1.0,0.9713150858879089,0.9697866439819336,0.35528155832827585
538,0.05151063948869705,0.999117374420166,0.9682259559631348,0.9659969806671143,0.45979565782633985
539,0.04772167280316353,1.0,0.9686672687530518,0.965425968170166,0.5062304065390079
540,0.04910906031727791,1.0,0.9699912071228027,0.9658412337303162,0.38215871026686454
541,0.05836275964975357,1.0,0.9682259559631348,0.9663084745407104,0.5421838502239205
542,0.05720229819417,0.9920564889907837,0.9611650705337524,0.9595597982406616,0.44834837841497566
543,0.059525445103645325,0.9955869317054749,0.9655781388282776,0.961532473564148,0.5468030129943416
544,0.07741537690162659,0.999117374420166,0.9713150858879089,0.9658412337303162,1.074683058236866
545,0.07788047194480896,0.9805825352668762,0.9580759406089783,0.9490214586257935,0.7963081433804456
546,0.12354766577482224,0.9408649802207947,0.897175669670105,0.8971084356307983,3.406155690595215
547,0.35075050592422485,0.9841129779815674,0.9448367357254028,0.9448683857917786,2.938675285946115
548,0.17722037434577942,0.9699912071228027,0.9320388436317444,0.930280864238739,1.1902822337125305
549,0.3207070529460907,0.9699912071228027,0.9377758502960205,0.9357317090034485,2.2444669338017005
550,0.20139826834201813,0.9293910264968872,0.8980582356452942,0.8947204351425171,1.0566666093859884
551,0.23558032512664795,0.9673433303833008,0.9368932247161865,0.9312672019004822,1.316123401410178
552,0.21418027579784393,0.9664607048034668,0.9417476058006287,0.9339666366577148,1.0532490840707898
553,0.1502140611410141,0.9814651608467102,0.9593998193740845,0.9510460495948792,0.7639525373313818
554,0.15616951882839203,0.9805825352668762,0.946601927280426,0.9461143016815186,0.6367066996917271
555,0.20081274211406708,0.9717563986778259,0.9333627820014954,0.9419612884521484,1.6909657364045794
556,0.1356220543384552,0.9823477864265442,0.9435127973556519,0.9420132040977478,0.6136684150923796
557,0.18804514408111572,0.9744042158126831,0.9368932247161865,0.9379639625549316,1.4264908933950875
558,0.13263294100761414,0.9611650705337524,0.9315975308418274,0.9287234544754028,0.638384215455124
559,0.18564437329769135,0.9920564889907837,0.9607237577438354,0.9553548097610474,1.8937056679769773
560,0.12637199461460114,0.9841129779815674,0.9549867510795593,0.953797459602356,0.6080561819165174
561,0.13237428665161133,0.9867607951164246,0.9651368260383606,0.9589368104934692,1.6144560002732973
562,0.12666325271129608,0.9876434206962585,0.9695498943328857,0.9619996547698975,1.5760625958449914
563,0.11930234730243683,0.9885260462760925,0.9651368260383606,0.958625316619873,0.7493519877833392
564,0.10683591663837433,0.9867607951164246,0.9611650705337524,0.9543684720993042,0.6144722970620674
565,0.08317229896783829,0.9982348084449768,0.9677846431732178,0.9621034860610962,0.5107801557432691
566,0.08802250027656555,0.9982348084449768,0.9633715748786926,0.9573794007301331,0.3274192661059131
567,0.08267484605312347,0.9973521828651428,0.9585171937942505,0.9564968943595886,0.5845210871752083
568,0.10850773006677628,1.0,0.9620476961135864,0.959871232509613,0.4875270612286528
569,0.073673777282238,1.0,0.9691085815429688,0.964854896068573,0.5506786052530676
570,0.07484956085681915,1.0,0.9708737730979919,0.9672428965568542,0.44670810126253413
571,0.08867143094539642,1.0,0.9761694669723511,0.9705653190612793,0.5464551774535532
572,0.05215819552540779,1.0,0.977934718132019,0.9710325598716736,0.35431795923355797
573,0.05520256608724594,1.0,0.9752868413925171,0.9708248972892761,0.5041746532086699
574,0.056003063917160034,0.9982348084449768,0.9748455286026001,0.9701499938964844,0.5092809102154349
575,0.060326047241687775,0.9982348084449768,0.9770520925521851,0.9691636562347412,0.438868517677626
576,0.06661669164896011,1.0,0.9770520925521851,0.9688003063201904,0.3644442317363503
577,0.06626006960868835,0.999117374420166,0.9744042158126831,0.9687483906745911,0.4798944694155263
578,0.053311217576265335,0.999117374420166,0.9713150858879089,0.9662565588951111,0.3497834581582067
579,0.04882572218775749,1.0,0.9739629626274109,0.9682292342185974,0.5220458206136833
580,0.04531902074813843,0.9982348084449768,0.970432460308075,0.9683330655097961,0.37048858592008954
581,0.05872068181633949,0.999117374420166,0.9713150858879089,0.9679696559906006,0.5629919414505189
582,0.04182678461074829,0.9973521828651428,0.9721977114677429,0.9680215716362,0.3179675100866502
583,0.029253294691443443,0.999117374420166,0.9717563986778259,0.9668794870376587,0.2521395368527785
584,0.07108242064714432,1.0,0.9752868413925171,0.9680734872817993,0.4514267875612163
585,0.04268829897046089,1.0,0.977493405342102,0.9700462222099304,0.40636584423826916
586,0.02695504203438759,0.9982348084449768,0.9752868413925171,0.9708248972892761,0.17838802632446557
587,0.03191632777452469,1.0,0.9752868413925171,0.9714997410774231,0.31949769225876634
588,0.03983154147863388,1.0,0.970432460308075,0.9685407280921936,0.38722057418624967
589,0.046607762575149536,1.0,0.9677846431732178,0.963608980178833,0.3391068363606698
590,0.03958740085363388,1.0,0.9726390242576599,0.9671390652656555,0.7253156825763284
591,0.04924672842025757,0.9982348084449768,0.9770520925521851,0.9717074036598206,0.5589190737993607
592,0.044813673943281174,0.9982348084449768,0.9761694669723511,0.9704614877700806,0.35814995719277737
593,0.04302454739809036,1.0,0.978376030921936,0.9714478254318237,0.36360523648852194
594,0.04700746014714241,0.999117374420166,0.9801412224769592,0.9714478254318237,0.5504059737215209
595,0.07008036971092224,0.999117374420166,0.9761694669723511,0.9692674875259399,0.5923150700609265
596,0.050842151045799255,0.999117374420166,0.9748455286026001,0.9692674875259399,0.5174729732540183
597,0.041636835783720016,1.0,0.9744042158126831,0.9692674875259399,0.4085328043591701
598,0.05922900140285492,0.999117374420166,0.9726390242576599,0.9689560532569885,0.5259250340885417
599,0.04654194414615631,0.999117374420166,0.9730803370475769,0.9682811498641968,0.3913222726868948
600,0.05692019313573837,0.999117374420166,0.9721977114677429,0.9682292342185974,0.31737988054544336
601,0.08386527746915817,0.999117374420166,0.9748455286026001,0.9696828126907349,0.6083976248121307
602,0.05724777281284332,1.0,0.9726390242576599,0.9692155718803406,0.3978588170780848
603,0.04871680215001106,1.0,0.9726390242576599,0.9689560532569885,0.4209925330096663
604,0.03857441619038582,1.0,0.9730803370475769,0.9698904752731323,0.35209188554294646
605,0.06624718755483627,1.0,0.9739629626274109,0.9710325598716736,0.6539584202561033
606,0.07237100601196289,1.0,0.9691085815429688,0.9676582217216492,0.7264423963877178
607,0.050142575055360794,1.0,0.9691085815429688,0.9664123058319092,0.5205406152963894
608,0.06072210147976875,1.0,0.9744042158126831,0.969423234462738,0.5896494053116096
609,0.032620854675769806,0.9982348084449768,0.9739629626274109,0.9692674875259399,0.29433861810089107
610,0.04447469860315323,1.0,0.9744042158126831,0.9696828126907349,0.45632306132606515
611,0.054714612662792206,1.0,0.9748455286026001,0.9685407280921936,0.3340359399406451
612,0.054099392145872116,1.0,0.9757281541824341,0.9708248972892761,0.6180946032318824
613,0.03526633232831955,1.0,0.977934718132019,0.971915066242218,0.3741341646675977
614,0.06402722746133804,1.0,0.9748455286026001,0.971084475517273,0.484490661727083
615,0.03850651904940605,1.0,0.9739629626274109,0.9697866439819336,0.3236857642306312
616,0.047139279544353485,1.0,0.970432460308075,0.9694751501083374,0.4050455108551558
617,0.05048627406358719,1.0,0.9721977114677429,0.9709287285804749,0.6666506455091334
618,0.031874675303697586,1.0,0.9708737730979919,0.9680215716362,0.301488972523486
619,0.05206405743956566,0.9973521828651428,0.9721977114677429,0.9700462222099304,0.6297741865928494
620,0.047378990799188614,0.9973521828651428,0.9739629626274109,0.9717593193054199,0.46672947897853656
621,0.034724120050668716,1.0,0.9735216498374939,0.9727975726127625,0.34588783752908825
622,0.03728581219911575,1.0,0.9721977114677429,0.9715516567230225,0.33142236723594126
623,0.06850295513868332,0.999117374420166,0.9699912071228027,0.9717593193054199,0.9452115192582964
624,0.03312118723988533,0.9973521828651428,0.9677846431732178,0.9683330655097961,0.3683346159599008
625,0.06382317841053009,1.0,0.9730803370475769,0.9705653190612793,0.7384075148013289
626,0.046900901943445206,1.0,0.9721977114677429,0.9679696559906006,0.31383504514285776
627,0.06335162371397018,1.0,0.9735216498374939,0.9721227288246155,0.9420914604385658
628,0.04412402585148811,1.0,0.970432460308075,0.9698904752731323,0.35375278272694555
629,0.06287281215190887,0.999117374420166,0.9744042158126831,0.9711363911628723,0.6991498439683792
630,0.04896591976284981,1.0,0.9726390242576599,0.969838559627533,0.4937063366214038
631,0.03830808773636818,1.0,0.9721977114677429,0.9702019095420837,0.34264072025124076
632,0.049180228263139725,1.0,0.9730803370475769,0.9713959097862244,0.3169522504859869
633,0.04613115265965462,1.0,0.9752868413925171,0.9721227288246155,0.3025001031003355
634,0.05344675853848457,0.999117374420166,0.9770520925521851,0.9737839102745056,0.3216078430562554
635,0.03899917006492615,0.999117374420166,0.9766107797622681,0.9741473197937012,0.3121094841358337
636,0.03532373905181885,0.999117374420166,0.9744042158126831,0.971915066242218,0.31858338643492745
637,0.04053626209497452,1.0,0.9726390242576599,0.9698904752731323,0.3721852518079149
638,0.03680320829153061,1.0,0.9752868413925171,0.9723823070526123,0.43841484285651955
639,0.034678347408771515,1.0,0.9757281541824341,0.9731090664863586,0.4916196357010142
640,0.04485711455345154,1.0,0.9761694669723511,0.9726418256759644,0.37159101293874064
641,0.059153664857149124,1.0,0.9744042158126831,0.9718112349510193,0.6884551001603891
642,0.054693643003702164,1.0,0.9699912071228027,0.9684888124465942,0.5498791194457862
643,0.044012416154146194,1.0,0.9757281541824341,0.9741992354393005,0.7275317898169189
644,0.04964638128876686,0.9982348084449768,0.9735216498374939,0.9727975726127625,0.4371319337454007
645,0.051481835544109344,0.999117374420166,0.9717563986778259,0.9718631505966187,0.44925849572864346
646,0.08419519662857056,0.999117374420166,0.9744042158126831,0.9749779105186462,0.8201486926176363
647,0.03356565907597542,1.0,0.9735216498374939,0.9751855731010437,0.3810212151282846
648,0.02302449569106102,1.0,0.9739629626274109,0.9727975726127625,0.2088450874496823
649,0.047508250921964645,1.0,0.9726390242576599,0.9707729816436768,0.3248081253253006
650,0.05382697284221649,1.0,0.9761694669723511,0.9731090664863586,0.5003109742317592
651,0.05754673108458519,1.0,0.9761694669723511,0.9758604764938354,0.512384708556413
652,0.0286378376185894,1.0,0.9691085815429688,0.9709806442260742,0.2620143307815477
653,0.04723818227648735,1.0,0.9673433303833008,0.9665161371231079,0.6408579780991579
654,0.0868121013045311,1.0,0.9673433303833008,0.969838559627533,0.7833174447754709
655,0.029778974130749702,1.0,0.9682259559631348,0.9689041376113892,0.20563561560769827
656,0.03680994734168053,1.0,0.9646955132484436,0.9653221368789673,0.3529314147216726
657,0.037699781358242035,1.0,0.9629302620887756,0.9662565588951111,0.5779050949350203
658,0.04906536638736725,1.0,0.9660194516181946,0.9671909809112549,0.503006436367862
659,0.05044354498386383,1.0,0.9713150858879089,0.971084475517273,0.5420611308281994
660,0.04397768899798393,1.0,0.9766107797622681,0.9748740792274475,0.3396760909031278
661,0.025044124573469162,1.0,0.978376030921936,0.9752894043922424,0.3786019583708983
662,0.04240894317626953,1.0,0.977493405342102,0.9749779105186462,0.2922902314717383
663,0.033714208751916885,1.0,0.9770520925521851,0.9735243916511536,0.3897079867100896
664,0.0415482223033905,0.9982348084449768,0.9708737730979919,0.9678658246994019,0.30898405465171297
665,0.03769419342279434,1.0,0.9761694669723511,0.972589910030365,0.6905334551140062
666,0.03140503913164139,1.0,0.9770520925521851,0.973160982131958,0.3003970649572977
667,0.0257025808095932,1.0,0.9766107797622681,0.9731090664863586,0.28537933208540417
668,0.04604179412126541,1.0,0.9770520925521851,0.9745626449584961,0.5164210567481066
669,0.02802557498216629,1.0,0.9805825352668762,0.9748221635818481,0.1733947666789346
670,0.043430499732494354,1.0,0.9796999096870422,0.9739915728569031,0.2763606792227435
671,0.0267289150506258,1.0,0.977934718132019,0.9734724760055542,0.201876392143955
672,0.052861813455820084,1.0,0.9766107797622681,0.9735763072967529,0.39611422864857565
673,0.03454224020242691,1.0,0.9796999096870422,0.9739915728569031,0.26237108993790814
674,0.029876284301280975,1.0,0.9788172841072083,0.9735243916511536,0.28384158701532725
675,0.033242907375097275,1.0,0.978376030921936,0.9738877415657043,0.2675565087893175
676,0.03584906458854675,1.0,0.977493405342102,0.9739915728569031,0.2841665965475714
677,0.042582787573337555,1.0,0.9766107797622681,0.972589910030365,0.3164760114663159
678,0.033976078033447266,1.0,0.9766107797622681,0.9718112349510193,0.2848571143006506
679,0.0364559069275856,1.0,0.977493405342102,0.971343994140625,0.32106940170247816
680,0.032928064465522766,1.0,0.9770520925521851,0.9717074036598206,0.26723452354526833
681,0.03197799623012543,1.0,0.9757281541824341,0.9708248972892761,0.2033235957160477
682,0.03774735704064369,1.0,0.9735216498374939,0.9708768129348755,0.3183644574038392
683,0.04612351953983307,1.0,0.9726390242576599,0.9716554880142212,0.37323491501840717
684,0.02763277478516102,1.0,0.9699912071228027,0.9709287285804749,0.2525664933778334
685,0.02966633252799511,1.0,0.970432460308075,0.9711363911628723,0.3794151866073786
686,0.024210523813962936,1.0,0.9730803370475769,0.9728494882583618,0.304626932198264
687,0.027883121743798256,1.0,0.9752868413925171,0.9741473197937012,0.21764626632778764
688,0.023371390998363495,1.0,0.9766107797622681,0.9743030667304993,0.29685203512342206
689,0.033901747316122055,1.0,0.977493405342102,0.9733167290687561,0.31027341961592336
690,0.020893588662147522,1.0,0.977493405342102,0.9736800789833069,0.25560139152591715
691,0.039014704525470734,1.0,0.9796999096870422,0.9753413200378418,0.37616387878654134
692,0.038745682686567307,1.0,0.9796999096870422,0.9747183918952942,0.4303014844671723
693,0.026508338749408722,1.0,0.9788172841072083,0.9748221635818481,0.292806133479452
694,0.050739139318466187,1.0,0.9735216498374939,0.9722784757614136,0.518085629262058
695,0.03628187254071236,1.0,0.9677846431732178,0.9662046432495117,0.31475803439795896
696,0.03931929171085358,1.0,0.9691085815429688,0.9703057408332825,0.6608680705196527
697,0.030877768993377686,1.0,0.9766107797622681,0.9730052351951599,0.3565993889478466
698,0.037439312785863876,1.0,0.9748455286026001,0.9722265601158142,0.5231572120604254
699,0.0296416524797678,1.0,0.9770520925521851,0.9717593193054199,0.45744448672998195
700,0.027684951201081276,1.0,0.9708737730979919,0.9704614877700806,0.305547307145254
701,0.038656868040561676,1.0,0.9708737730979919,0.9679696559906006,0.33889071240697327
702,0.041944943368434906,1.0,0.9752868413925171,0.9726418256759644,0.6915160413967757
703,0.03444922715425491,1.0,0.9735216498374939,0.9690598249435425,0.3982004800655525
704,0.04708056524395943,1.0,0.9748455286026001,0.9730571508407593,0.767095492618555
705,0.028320124372839928,1.0,0.9761694669723511,0.9735243916511536,0.31940431050399254
706,0.04396676644682884,1.0,0.9730803370475769,0.9711363911628723,0.4515103115425175
707,0.054586369544267654,1.0,0.9739629626274109,0.9707729816436768,0.4973393263924905
708,0.05019571632146835,1.0,0.9748455286026001,0.9733167290687561,0.6950857298398573
709,0.021644579246640205,1.0,0.9744042158126831,0.9728494882583618,0.2800412493161481
710,0.056175682693719864,1.0,0.970432460308075,0.9716035723686218,0.8428777341760765
711,0.04605705663561821,0.9973521828651428,0.9660194516181946,0.9693713188171387,0.5137421313234726
712,0.0435522198677063,1.0,0.9682259559631348,0.9699423909187317,0.8210844514132823
713,0.03593990206718445,1.0,0.970432460308075,0.969994306564331,0.3975385023562441
714,0.02933751977980137,0.9947043061256409,0.9642542004585266,0.9640762209892273,0.3112874988043338
715,0.10565989464521408,0.9752868413925171,0.9545454382896423,0.9485542178153992,2.572502955079646
716,0.1474389284849167,0.9849956035614014,0.9611650705337524,0.9555105566978455,2.3345123014547524
717,0.10733427852392197,1.0,0.977493405342102,0.9739396572113037,1.3979287650052357
718,0.03915553539991379,0.9929391145706177,0.9598411321640015,0.9580543041229248,0.42727840536414025
719,0.1379697024822235,0.999117374420166,0.9717563986778259,0.9674505591392517,2.2177652490769972
720,0.06008542701601982,0.9849956035614014,0.9545454382896423,0.9548357129096985,0.6380566974956029
721,0.06342838704586029,0.9858782291412354,0.948808491230011,0.9504749774932861,0.5945470926525886
722,0.10356257855892181,0.9858782291412354,0.9563106894493103,0.9561854004859924,0.9597520185404605
723,0.06657569110393524,1.0,0.9669020175933838,0.9658412337303162,0.500029693232658
724,0.07436930388212204,0.9655781388282776,0.9386584162712097,0.9342262148857117,0.5770972473206495
725,0.1210402399301529,0.9964695572853088,0.9713150858879089,0.9691117405891418,1.5649372177023337
726,0.06997702270746231,0.9761694669723511,0.9417476058006287,0.9446607232093811,0.730555919042236
727,0.09403721243143082,0.9982348084449768,0.9757281541824341,0.9721227288246155,1.378992715835855
728,0.06546427309513092,0.9982348084449768,0.9677846431732178,0.9620515704154968,0.35836443099017895
729,0.07518358528614044,0.9973521828651428,0.9717563986778259,0.9672948122024536,0.8457240955863651
730,0.08699022978544235,1.0,0.9766107797622681,0.9722784757614136,0.641597151253489
731,0.055429860949516296,1.0,0.9726390242576599,0.9703057408332825,0.3957255275659192
732,0.051082417368888855,0.9982348084449768,0.9713150858879089,0.9693194031715393,0.5008639594743391
733,0.08044411242008209,0.9982348084449768,0.9708737730979919,0.968177318572998,0.6483298050270794
734,0.0319557748734951,0.9982348084449768,0.9673433303833008,0.9656335711479187,0.2713994499557806
735,0.044217247515916824,0.999117374420166,0.9682259559631348,0.965425968170166,0.33133090620252276
736,0.05136609822511673,1.0,0.9748455286026001,0.9712921380996704,0.6056959253283033
737,0.052079249173402786,1.0,0.9757281541824341,0.9721227288246155,0.3955611698394804
738,0.03846259415149689,1.0,0.977493405342102,0.9737319946289062,0.32976547846192267
739,0.055003684014081955,1.0,0.977934718132019,0.9740434885025024,0.5853544751307994
740,0.0490531362593174,1.0,0.9739629626274109,0.971915066242218,0.4827476194469926
741,0.06362723559141159,1.0,0.9682259559631348,0.9672948122024536,0.43839195955817684
742,0.0624690055847168,1.0,0.9708737730979919,0.9675543904304504,0.4551556370053322
743,0.06578724086284637,1.0,0.9761694669723511,0.9730052351951599,0.7131326486672986
744,0.0298069566488266,1.0,0.9766107797622681,0.9746664762496948,0.26159545612755525
745,0.05421517416834831,0.9982348084449768,0.9748455286026001,0.9700462222099304,0.5439064322754272
746,0.050276901572942734,0.9982348084449768,0.9770520925521851,0.9728494882583618,0.6480236785499112
747,0.062306080013513565,1.0,0.9730803370475769,0.9722784757614136,0.5330056363330345
748,0.07173558324575424,1.0,0.9730803370475769,0.9703057408332825,0.8872029405150793
749,0.028339719399809837,1.0,0.9655781388282776,0.966100811958313,0.24759536079589006
750,0.08372011035680771,1.0,0.9726390242576599,0.9704095721244812,1.2231038616466001
751,0.06016159430146217,0.9955869317054749,0.9730803370475769,0.9691117405891418,0.6103658666245871
752,0.07293512672185898,0.9964695572853088,0.970432460308075,0.9680215716362,0.8499627951792704
753,0.08610866218805313,1.0,0.9686672687530518,0.9691636562347412,1.1508588742619623
754,0.04359786584973335,1.0,0.9669020175933838,0.9666718244552612,0.5889107623382211
755,0.08445104211568832,1.0,0.9708737730979919,0.9697347283363342,0.7280115182050092
756,0.07357265800237656,1.0,0.9730803370475769,0.9718631505966187,0.7601214472851968
757,0.06056157499551773,0.999117374420166,0.9646955132484436,0.9675543904304504,0.38620458508846034
758,0.07110737264156342,0.9973521828651428,0.9655781388282776,0.9665161371231079,0.8645981498000219
759,0.05078405886888504,0.9973521828651428,0.9620476961135864,0.9630898833274841,0.5072215268212298
760,0.0770362913608551,0.999117374420166,0.9655781388282776,0.96677565574646,0.6753651824238056
761,0.05651787295937538,1.0,0.9682259559631348,0.9676582217216492,0.4586827279746381
762,0.059625186026096344,1.0,0.9669020175933838,0.9703576564788818,0.49590422520517535
763,0.0603812113404274,1.0,0.9730803370475769,0.971343994140625,0.541601587759429
764,0.08001677691936493,1.0,0.9730803370475769,0.9714478254318237,1.0248997750677185
765,0.058007821440696716,1.0,0.9691085815429688,0.9720708131790161,0.7087641479278963
766,0.05754673853516579,0.9982348084449768,0.9642542004585266,0.9673986434936523,0.584305411764789
767,0.06474951654672623,1.0,0.9642542004585266,0.9686964750289917,0.725550523765482
768,0.05045824125409126,1.0,0.9677846431732178,0.969838559627533,0.5343242889417266
769,0.039345744997262955,1.0,0.9651368260383606,0.9690079092979431,0.289576993492766
770,0.0651337280869484,1.0,0.9677846431732178,0.9676063060760498,0.6463361057003885
771,0.026271456852555275,1.0,0.9673433303833008,0.9662046432495117,0.39824847905289273
772,0.04352147877216339,0.9955869317054749,0.9646955132484436,0.9638685584068298,0.5455605028353367
773,0.04547537863254547,0.9973521828651428,0.9691085815429688,0.9663084745407104,0.6842011580437937
774,0.03859663009643555,0.9982348084449768,0.9739629626274109,0.9705134034156799,0.5180860903029648
775,0.0323624387383461,1.0,0.9717563986778259,0.9722784757614136,0.38651315325995994
776,0.055266909301280975,1.0,0.9735216498374939,0.9720708131790161,0.5105534615388284
777,0.04247760400176048,1.0,0.9717563986778259,0.9735243916511536,0.5322912473193148
778,0.05741320177912712,1.0,0.9713150858879089,0.9728494882583618,0.6434677769740226
779,0.045604877173900604,1.0,0.9713150858879089,0.9729014039039612,0.5457494634527202
780,0.029431752860546112,0.9982348084449768,0.9699912071228027,0.969838559627533,0.31983069318213075
781,0.059841662645339966,0.999117374420166,0.970432460308075,0.9705134034156799,0.5893701592106224
782,0.02990073524415493,1.0,0.9708737730979919,0.9715516567230225,0.245478772898615
783,0.03502078354358673,1.0,0.9717563986778259,0.9722784757614136,0.6746027739219256
784,0.045057520270347595,1.0,0.9717563986778259,0.9716554880142212,0.4149211431637888
785,0.034143898636102676,1.0,0.9708737730979919,0.971240222454071,0.3437840909254701
786,0.04458228871226311,1.0,0.9726390242576599,0.971240222454071,0.3667978758091801
787,0.04517407342791557,1.0,0.9748455286026001,0.9707210659980774,0.3268827227983293
788,0.031117068603634834,1.0,0.9717563986778259,0.9680215716362,0.30688363990362894
789,0.05512179434299469,1.0,0.9739629626274109,0.9712921380996704,0.5370293678901029
790,0.032620545476675034,1.0,0.9788172841072083,0.9749779105186462,0.6345642615839369
791,0.029390912503004074,1.0,0.9752868413925171,0.9736800789833069,0.3583268190228815
792,0.0522422194480896,1.0,0.9739629626274109,0.9729014039039612,0.5419672915649192
793,0.049986839294433594,1.0,0.9744042158126831,0.9745626449584961,0.6077327078355275
794,0.03766840696334839,1.0,0.9717563986778259,0.9731090664863586,0.29375402678667967
795,0.03442927449941635,1.0,0.9726390242576599,0.9731090664863586,0.32742634082634564
796,0.0373820997774601,1.0,0.9752868413925171,0.9747703075408936,0.39971289717593755
797,0.03387874737381935,1.0,0.977934718132019,0.9752894043922424,0.36917596880813036
798,0.03665809705853462,1.0,0.9752868413925171,0.9738877415657043,0.28245272120422793
799,0.0324842743575573,1.0,0.9730803370475769,0.9715516567230225,0.2662930604022347
800,0.028447605669498444,1.0,0.9735216498374939,0.971240222454071,0.4831818556812449
801,0.034175075590610504,1.0,0.9721977114677429,0.9708248972892761,0.4560921503682354
802,0.03757717087864876,1.0,0.9730803370475769,0.9695789813995361,0.2690950271672433
803,0.033977702260017395,1.0,0.9752868413925171,0.9701499938964844,0.5095523182071258
804,0.0348295234143734,1.0,0.977493405342102,0.9717593193054199,0.39628294865218094
805,0.04726051166653633,1.0,0.977934718132019,0.9724860787391663,0.4027998399334843
806,0.02771311067044735,1.0,0.9770520925521851,0.9726937413215637,0.3795237827902274
807,0.04386311396956444,1.0,0.9744042158126831,0.9730052351951599,0.4700827476312225
808,0.030928514897823334,1.0,0.9752868413925171,0.9745107293128967,0.4038326260582809
809,0.0426691435277462,1.0,0.9739629626274109,0.9745626449584961,0.6788331927037035
810,0.021487673744559288,1.0,0.9708737730979919,0.9711883068084717,0.17751245146645986
811,0.04761090502142906,1.0,0.970432460308075,0.9696828126907349,0.4688384283744223
812,0.02607649937272072,1.0,0.9748455286026001,0.9729014039039612,0.44004022796271913
813,0.03440145030617714,1.0,0.9766107797622681,0.9753932356834412,0.30736395043957976
814,0.03316006809473038,1.0,0.9770520925521851,0.9750298261642456,0.3601554596231388
815,0.038022127002477646,1.0,0.978376030921936,0.9752894043922424,0.41456940571227036
816,0.023729437962174416,1.0,0.978376030921936,0.9748740792274475,0.2453609939161914
817,0.03614103049039841,1.0,0.9770520925521851,0.9733167290687561,0.21959218877655534
818,0.045894160866737366,1.0,0.9744042158126831,0.9713959097862244,0.31191749726032636
819,0.05222254619002342,1.0,0.9744042158126831,0.9703057408332825,0.3174334255597354
820,0.03894684836268425,1.0,0.9744042158126831,0.9709287285804749,0.37342952969366233
821,0.03332594782114029,1.0,0.9744042158126831,0.9716035723686218,0.24538726676206238
822,0.03035314567387104,1.0,0.9770520925521851,0.9735763072967529,0.31872929664746086
823,0.04148942977190018,1.0,0.9801412224769592,0.9758604764938354,0.40849585538585476
824,0.02537023276090622,1.0,0.9796999096870422,0.9755489826202393,0.2426112443668244
825,0.02045503258705139,1.0,0.9792585968971252,0.9743549823760986,0.30054069087983054
826,0.035943713039159775,1.0,0.9792585968971252,0.9751855731010437,0.48740051109316446
827,0.027827946469187737,1.0,0.9770520925521851,0.9746145606040955,0.3642172770012439
828,0.021087070927023888,1.0,0.9761694669723511,0.9732128977775574,0.2752146572568338
829,0.03712579235434532,1.0,0.9744042158126831,0.9721746444702148,0.5816727667064546
830,0.051640622317790985,0.9982348084449768,0.9730803370475769,0.9697866439819336,0.4630480222647739
831,0.052863333374261856,1.0,0.9766107797622681,0.9716554880142212,0.739405767536276
832,0.03439285606145859,1.0,0.9752868413925171,0.9723823070526123,0.32675102689543056
833,0.04576170817017555,1.0,0.978376030921936,0.9747703075408936,0.4605451800830461
834,0.024712054058909416,1.0,0.977493405342102,0.9738877415657043,0.4261991714028776
835,0.050025634467601776,1.0,0.9796999096870422,0.9749779105186462,0.6786529499895627
836,0.02421666868031025,0.9973521828651428,0.978376030921936,0.9730571508407593,0.2960656909833959
837,0.05241384357213974,0.9982348084449768,0.9801412224769592,0.9743549823760986,0.5194001309792291
838,0.03637685254216194,1.0,0.9805825352668762,0.9765353202819824,0.43230881424550405
839,0.03609259054064751,1.0,0.9814651608467102,0.9764314889907837,0.36369701524676434
840,0.04225411266088486,1.0,0.9801412224769592,0.9757047295570374,0.39818752874821917
841,0.050672054290771484,1.0,0.9796999096870422,0.976327657699585,0.6164335820019349
842,0.0258833859115839,1.0,0.978376030921936,0.9758604764938354,0.17980490325478055
843,0.049993861466646194,0.9938217401504517,0.9739629626274109,0.9697347283363342,0.4400779308730891
844,0.0864507257938385,1.0,0.9788172841072083,0.9766391515731812,1.0507804514857984
845,0.037026338279247284,1.0,0.9761694669723511,0.9734205603599548,0.26962938779333095
846,0.05997025966644287,1.0,0.9792585968971252,0.973160982131958,0.7616845878490726
847,0.06387804448604584,1.0,0.977934718132019,0.9737319946289062,0.8358129678823375
848,0.04113807901740074,0.9911738634109497,0.9673433303833008,0.9635051488876343,0.29720035076065765
849,0.07111240923404694,0.9982348084449768,0.9752868413925171,0.9718112349510193,1.0276480351627888
850,0.05019090697169304,1.0,0.9744042158126831,0.9746664762496948,0.5230249900480276
851,0.05660231038928032,1.0,0.9748455286026001,0.9743030667304993,0.39627927648697653
852,0.04236225038766861,1.0,0.977493405342102,0.9747183918952942,0.5206605615722361
853,0.04410909116268158,1.0,0.977493405342102,0.9756008982658386,0.5413203646167439
854,0.0381232313811779,0.999117374420166,0.9761694669723511,0.9733686447143555,0.2961510817135556
855,0.055262017995119095,1.0,0.9726390242576599,0.9729533195495605,0.5750978802220761
856,0.04000092297792435,1.0,0.9748455286026001,0.9720708131790161,0.49990247603875976
857,0.0473996102809906,1.0,0.9735216498374939,0.9722265601158142,0.4750411328904433
858,0.04250247776508331,1.0,0.9735216498374939,0.9724342226982117,0.38985934034469794
859,0.02966298907995224,1.0,0.9730803370475769,0.9733686447143555,0.41949301841999903
860,0.0371268093585968,1.0,0.977934718132019,0.9739396572113037,0.5001703394855904
861,0.029656656086444855,0.999117374420166,0.9739629626274109,0.9711363911628723,0.3198622767613787
862,0.057424500584602356,1.0,0.9708737730979919,0.9705653190612793,0.5022947112066932
863,0.05911562591791153,1.0,0.9748455286026001,0.9737319946289062,0.7481816187728277
864,0.03442419320344925,1.0,0.9721977114677429,0.9708768129348755,0.20087249622335424
865,0.04523691534996033,1.0,0.9744042158126831,0.9732128977775574,0.7737354451732212
866,0.026974951848387718,1.0,0.9766107797622681,0.9730052351951599,0.3847157198170317
867,0.07015164196491241,0.999117374420166,0.9757281541824341,0.9715516567230225,0.5735350078670949
868,0.05125414580106735,1.0,0.9801412224769592,0.9749779105186462,0.8848546780318889
869,0.03784111514687538,1.0,0.9739629626274109,0.9729533195495605,0.3978535695502245
870,0.04535173252224922,1.0,0.970432460308075,0.9711883068084717,0.8417348226398019
871,0.03913300856947899,1.0,0.9677846431732178,0.9677620530128479,0.33074683117075077
872,0.03663775324821472,1.0,0.9726390242576599,0.9708248972892761,0.5055905090888915
873,0.047269001603126526,1.0,0.9766107797622681,0.9717593193054199,0.3933453851256534
874,0.02487543597817421,1.0,0.9748455286026001,0.9724860787391663,0.23267752759933888
875,0.0385221391916275,1.0,0.9757281541824341,0.9715516567230225,0.40353170481332606
876,0.030687518417835236,1.0,0.9761694669723511,0.9708248972892761,0.34692691125697717
877,0.05541342496871948,1.0,0.9752868413925171,0.9718112349510193,0.5336303801336401
878,0.05171492323279381,1.0,0.9748455286026001,0.9726937413215637,0.39527128678282625
879,0.03204885125160217,1.0,0.9730803370475769,0.9718631505966187,0.24422929166980703
880,0.028940441086888313,1.0,0.9713150858879089,0.9714997410774231,0.24470296993001642
881,0.059824198484420776,1.0,0.9717563986778259,0.9720188975334167,0.500862376194371
882,0.030376676470041275,1.0,0.9726390242576599,0.9726418256759644,0.2560844120535562
883,0.034905243664979935,1.0,0.9721977114677429,0.972589910030365,0.21775134688653303
884,0.042469605803489685,1.0,0.9748455286026001,0.9739396572113037,0.3666418646854991
885,0.029313629493117332,1.0,0.9761694669723511,0.9744588136672974,0.18116136051545587
886,0.030427226796746254,1.0,0.9752868413925171,0.9741473197937012,0.366669418818041
887,0.03350074961781502,1.0,0.9748455286026001,0.9732648134231567,0.3803909755972756
888,0.021313142031431198,1.0,0.9730803370475769,0.9721227288246155,0.2756033741718331
889,0.04129752889275551,1.0,0.9739629626274109,0.9716554880142212,0.3421573248863735
890,0.029171524569392204,1.0,0.9752868413925171,0.9747183918952942,0.2961467444013974
891,0.0318777970969677,1.0,0.9792585968971252,0.9768468141555786,0.39526101904522837
892,0.046212997287511826,1.0,0.9801412224769592,0.9767429828643799,0.3125494165797055
893,0.053824570029973984,1.0,0.9796999096870422,0.9771063923835754,0.34846984367349154
894,0.02594512514770031,1.0,0.978376030921936,0.9759123921394348,0.23012612006036956
895,0.03758717700839043,1.0,0.9744042158126831,0.9730052351951599,0.3896979526911526
896,0.024023570120334625,1.0,0.9713150858879089,0.9700981378555298,0.2054292415603221
897,0.027216194197535515,1.0,0.9721977114677429,0.9704095721244812,0.43242514656120495
898,0.02136436104774475,1.0,0.9713150858879089,0.9721227288246155,0.20482099862485004
899,0.03253656625747681,1.0,0.9721977114677429,0.9734205603599548,0.414442658580307
900,0.029601721093058586,1.0,0.9735216498374939,0.9748221635818481,0.35784506377149783
901,0.018289711326360703,0.999117374420166,0.9744042158126831,0.9751336574554443,0.1549131905934241
902,0.021219884976744652,1.0,0.9761694669723511,0.9750298261642456,0.2077657392388608
903,0.02356117032468319,1.0,0.9726390242576599,0.9729014039039612,0.266296069159549
904,0.03210936486721039,1.0,0.9748455286026001,0.9751855731010437,0.6560050725826804
905,0.01956489123404026,1.0,0.9669020175933838,0.9694751501083374,0.19731756014189786
906,0.030540291219949722,1.0,0.9695498943328857,0.9723823070526123,0.5728057413633862
907,0.0389188751578331,1.0,0.9766107797622681,0.9758604764938354,0.3647295009121398
908,0.027492117136716843,1.0,0.977493405342102,0.975081741809845,0.21348598671201555
909,0.03322521969676018,1.0,0.977493405342102,0.9759643077850342,0.5587496507892589
910,0.022855745628476143,1.0,0.9752868413925171,0.9762757420539856,0.3907032050149982
911,0.019033491611480713,1.0,0.9699912071228027,0.9726937413215637,0.14504063732183498
912,0.023584598675370216,1.0,0.9677846431732178,0.9719669818878174,0.3439232131132788
913,0.06479176878929138,1.0,0.970432460308075,0.9721746444702148,0.7904861682796241
914,0.03331749513745308,1.0,0.9664607048034668,0.9686445593833923,0.41392152918298075
915,0.047539182007312775,1.0,0.9766107797622681,0.9760161638259888,0.7271877042489215
916,0.029585091397166252,1.0,0.9757281541824341,0.9766391515731812,0.25630574497198616
917,0.024750156328082085,1.0,0.9717563986778259,0.9746145606040955,0.2338743871073966
918,0.04516458883881569,1.0,0.9713150858879089,0.9746145606040955,0.33547024624035165
919,0.028016090393066406,1.0,0.9730803370475769,0.9751855731010437,0.2918946105339879
920,0.03068890981376171,1.0,0.9792585968971252,0.9776774048805237,0.2901209063925299
921,0.026028547435998917,1.0,0.9801412224769592,0.9770025610923767,0.22170446307051286
922,0.03769021853804588,1.0,0.9792585968971252,0.9767948985099792,0.22390192577367177
923,0.05010296404361725,1.0,0.9796999096870422,0.9778331518173218,0.3908010994910857
924,0.021967925131320953,1.0,0.9770520925521851,0.9772620797157288,0.17502247285549594
925,0.019876770675182343,1.0,0.9757281541824341,0.9754451513290405,0.22641104612326451
926,0.03606586530804634,1.0,0.9752868413925171,0.9761719107627869,0.2690124887129941
927,0.0284330565482378,1.0,0.9792585968971252,0.9782484769821167,0.34212991142855415
928,0.037400465458631516,1.0,0.9801412224769592,0.977729320526123,0.361387537733002
929,0.03584747388958931,1.0,0.9832303524017334,0.9776254892349243,0.407637472386001
930,0.058043260127305984,1.0,0.9801412224769592,0.9769506454467773,0.8300231065380573
931,0.021116402000188828,0.9885260462760925,0.9682259559631348,0.9664642214775085,0.2016149809232363
932,0.06890159100294113,1.0,0.9792585968971252,0.9771063923835754,1.1924777477714317
933,0.0333421416580677,1.0,0.9788172841072083,0.9764314889907837,0.19336536581369015
934,0.04811771214008331,1.0,0.9801412224769592,0.9784560799598694,1.1488353843559016
935,0.03778572380542755,0.9964695572853088,0.9757281541824341,0.9730571508407593,0.3180934860215109
936,0.04405214637517929,0.9911738634109497,0.9721977114677429,0.9681254029273987,0.4729331434431766
937,0.08443082869052887,1.0,0.9739629626274109,0.9763795733451843,0.9297175749169302
938,0.03330448642373085,1.0,0.9713150858879089,0.974406898021698,0.39007861250146514
939,0.04368989169597626,1.0,0.970432460308075,0.9734724760055542,0.40853363392899167
940,0.04536942020058632,1.0,0.970432460308075,0.9722265601158142,0.6438844291531362
941,0.05520259588956833,1.0,0.9713150858879089,0.9716035723686218,0.5485445043205723
942,0.03132832050323486,0.9982348084449768,0.9695498943328857,0.9711883068084717,0.4015160424993173
943,0.0378321036696434,0.9964695572853088,0.970432460308075,0.9700462222099304,0.35124561271026333
944,0.05052192509174347,1.0,0.9770520925521851,0.9751855731010437,0.694427931892734
945,0.04721415415406227,1.0,0.9792585968971252,0.9757566452026367,0.6026358958139161
946,0.04319432005286217,1.0,0.9721977114677429,0.9722265601158142,0.5333770464113466
947,0.04905105009675026,1.0,0.9717563986778259,0.971240222454071,1.2322369278706433
948,0.04235352948307991,0.9964695572853088,0.9642542004585266,0.9657893180847168,0.7670530086416154
949,0.0906171128153801,0.9982348084449768,0.9664607048034668,0.9677101373672485,1.0620295410400995
950,0.045654360204935074,1.0,0.9717563986778259,0.9743549823760986,0.7485069148819962
951,0.029874924570322037,1.0,0.9682259559631348,0.9727456569671631,0.28631691373211215
952,0.05551925674080849,0.9982348084449768,0.970432460308075,0.971915066242218,0.7804067335202646
953,0.04621221870183945,0.9973521828651428,0.9682259559631348,0.9724342226982117,0.45918985007866814
954,0.07305967062711716,0.9982348084449768,0.9717563986778259,0.9760680794715881,0.525396679351225
955,0.057945407927036285,1.0,0.9744042158126831,0.9774697422981262,0.34622136636531936
956,0.059013668447732925,1.0,0.977934718132019,0.9782484769821167,0.3943594955724704
957,0.03398018330335617,1.0,0.9801412224769592,0.9777812361717224,0.2336912013740442
958,0.030352313071489334,1.0,0.9805825352668762,0.9771063923835754,0.38227671931863655
959,0.04374322295188904,1.0,0.9801412224769592,0.9765353202819824,0.4355077196162034
960,0.035340189933776855,0.9982348084449768,0.9757281541824341,0.9748740792274475,0.33605769197609886
961,0.058827683329582214,1.0,0.9730803370475769,0.9736800789833069,0.5957546308782887
962,0.02673570066690445,1.0,0.970432460308075,0.9692674875259399,0.19489294271175145
963,0.0412716306746006,1.0,0.9677846431732178,0.9677620530128479,0.3389979906390221
964,0.030777448788285255,1.0,0.970432460308075,0.9707729816436768,0.34673453456662956
965,0.037844929844141006,1.0,0.9730803370475769,0.9741992354393005,0.39129807699627867
966,0.023962628096342087,0.999117374420166,0.9752868413925171,0.9766391515731812,0.2275743200527675
967,0.03597427159547806,1.0,0.9766107797622681,0.9774178266525269,0.34970673058513413
968,0.033803604543209076,1.0,0.9770520925521851,0.9783003330230713,0.2108887571067612
969,0.052879538387060165,1.0,0.978376030921936,0.9798058271408081,0.34389129089794773
970,0.030489448457956314,1.0,0.9788172841072083,0.9786637425422668,0.36430176620626614
971,0.02221941202878952,1.0,0.9770520925521851,0.9764834046363831,0.24168271174109418
972,0.021737221628427505,1.0,0.9726390242576599,0.9741473197937012,0.19814507385789348
973,0.021825237199664116,1.0,0.9708737730979919,0.9729533195495605,0.20150072613910783
974,0.03617529198527336,1.0,0.9708737730979919,0.9745626449584961,0.37555168880989365
975,0.02276579849421978,1.0,0.9730803370475769,0.9759123921394348,0.28791619096771853
976,0.03274109214544296,1.0,0.9726390242576599,0.975081741809845,0.3753123017934812
977,0.023066053166985512,1.0,0.9748455286026001,0.9726418256759644,0.3805424891875062
978,0.029805446043610573,0.999117374420166,0.9744042158126831,0.9727975726127625,0.38562722100184227
979,0.027470501139760017,0.9982348084449768,0.977934718132019,0.9747703075408936,0.36561757144872076
980,0.04167969152331352,1.0,0.9766107797622681,0.9767948985099792,0.3613768121500414
981,0.027312956750392914,1.0,0.9726390242576599,0.9762238264083862,0.3562003870711348
982,0.0197698175907135,1.0,0.9730803370475769,0.9751336574554443,0.25662108584598803
983,0.04427703469991684,1.0,0.9735216498374939,0.9753413200378418,0.4943301247476704
984,0.036116231232881546,1.0,0.9735216498374939,0.9748221635818481,0.609031530067919
985,0.034524910151958466,0.9973521828651428,0.9721977114677429,0.9733167290687561,0.3013032966600468
986,0.023796791210770607,0.9973521828651428,0.9699912071228027,0.969423234462738,0.22148729155368854
987,0.05296983942389488,0.9982348084449768,0.9735216498374939,0.9728494882583618,0.6212433630006611
988,0.07222630083560944,1.0,0.9739629626274109,0.9750298261642456,0.46623034872044133
989,0.025471754372119904,1.0,0.9748455286026001,0.9770544767379761,0.4593210742237809
990,0.03988765925168991,1.0,0.9744042158126831,0.9743549823760986,0.44098997442746163
991,0.07322714477777481,1.0,0.9726390242576599,0.9722265601158142,0.5983691561546397
992,0.04353100806474686,1.0,0.9721977114677429,0.9719669818878174,0.7976046378159997
993,0.030146213248372078,1.0,0.9624889492988586,0.9626226425170898,0.21934779327222906
994,0.07146771252155304,1.0,0.9691085815429688,0.9703576564788818,1.0027429159597672
995,0.04221265763044357,0.999117374420166,0.9726390242576599,0.9729533195495605,0.5422755918468901
996,0.05121155455708504,1.0,0.9708737730979919,0.9724860787391663,0.555484245362811
997,0.04404431954026222,1.0,0.9730803370475769,0.9730052351951599,0.46170533856726315
998,0.051108743995428085,1.0,0.9757281541824341,0.9752894043922424,0.49365308556860005
999,0.03983332961797714,1.0,0.9757281541824341,0.9742511510848999,0.675705386352626
1000,0.04463740065693855,1.0,0.9744042158126831,0.9733167290687561,0.40110619380647294
1001,0.03870931640267372,1.0,0.9726390242576599,0.9717074036598206,0.25435524365009654
1002,0.04697835072875023,1.0,0.9735216498374939,0.9703576564788818,0.5821045192732018
1003,0.04305218905210495,1.0,0.9713150858879089,0.9714997410774231,0.5710855444612067
1004,0.03029388189315796,1.0,0.9735216498374939,0.9720188975334167,0.2595633262101514
1005,0.038759585469961166,1.0,0.9752868413925171,0.9722265601158142,0.23860556995189725
1006,0.054087571799755096,1.0,0.9739629626274109,0.9722265601158142,0.8053058188127995
1007,0.03418271988630295,0.999117374420166,0.9730803370475769,0.9742511510848999,0.39126421469796163
1008,0.036656156182289124,0.9982348084449768,0.9730803370475769,0.9740954041481018,0.37917471214773735
1009,0.048455704003572464,1.0,0.9708737730979919,0.9720188975334167,0.5408961062203277
1010,0.040171243250370026,1.0,0.9677846431732178,0.9708248972892761,0.5705175710824266
1011,0.04154985398054123,1.0,0.9695498943328857,0.9720188975334167,0.4594674637518955
1012,0.04168488830327988,1.0,0.9713150858879089,0.9726937413215637,0.4113916651188472
1013,0.040648724883794785,1.0,0.9735216498374939,0.973835825920105,0.7105271182722566
1014,0.03706487640738487,1.0,0.9748455286026001,0.9754970669746399,0.5838792365071498
1015,0.024788664653897285,1.0,0.9761694669723511,0.9774697422981262,0.32060756504354154
1016,0.027949407696723938,1.0,0.9766107797622681,0.9757047295570374,0.2350192751448488
1017,0.06774503737688065,1.0,0.9717563986778259,0.9749779105186462,0.6843187789134038
1018,0.05053229629993439,1.0,0.9695498943328857,0.9707729816436768,0.5343350941256159
1019,0.035397328436374664,1.0,0.9721977114677429,0.9713959097862244,0.5760944697912808
1020,0.02628990262746811,1.0,0.9744042158126831,0.9744588136672974,0.3887519310407108
1021,0.054126083850860596,1.0,0.9699912071228027,0.9702538251876831,0.6677808046721233
1022,0.03837788105010986,0.9982348084449768,0.9717563986778259,0.9705134034156799,0.5898638503248002
1023,0.051332686096429825,0.9982348084449768,0.9708737730979919,0.9697866439819336,0.4421703035225525
1024,0.04452299326658249,1.0,0.9708737730979919,0.9720708131790161,0.6436110775158406
1025,0.07295093685388565,1.0,0.9726390242576599,0.9736800789833069,0.6544686037036382
1026,0.0625782459974289,1.0,0.9761694669723511,0.9741992354393005,0.5495266875736716
1027,0.04967278614640236,1.0,0.9748455286026001,0.9736800789833069,0.6089454482768919
1028,0.05560227856040001,1.0,0.9735216498374939,0.9729014039039612,0.4851893057916408
1029,0.04099484160542488,1.0,0.9748455286026001,0.9735243916511536,0.6145931025874577
1030,0.027541346848011017,1.0,0.9766107797622681,0.9737319946289062,0.3207987650025843
1031,0.03819533810019493,1.0,0.9757281541824341,0.9737319946289062,0.28886575547521315
1032,0.032927948981523514,1.0,0.9766107797622681,0.9721227288246155,0.34253997298171085
1033,0.0488533116877079,1.0,0.9761694669723511,0.9732128977775574,0.44883146417196357
1034,0.05198287218809128,1.0,0.977934718132019,0.9736800789833069,0.4130778160583362
1035,0.036110762506723404,1.0,0.9788172841072083,0.9750298261642456,0.40244797831424944
1036,0.034788940101861954,0.999117374420166,0.978376030921936,0.9735763072967529,0.20468379279568605
1037,0.04663432016968727,1.0,0.9792585968971252,0.9755489826202393,0.5784588971420793
1038,0.025515468791127205,1.0,0.977934718132019,0.9765353202819824,0.40895040074992356
1039,0.022915583103895187,1.0,0.978376030921936,0.9751336574554443,0.22787102106634496
1040,0.025188880041241646,1.0,0.9748455286026001,0.9744588136672974,0.29628715727224236
1041,0.03448176011443138,1.0,0.9744042158126831,0.9723823070526123,0.4721383829043211
1042,0.03582111373543739,1.0,0.9708737730979919,0.9692674875259399,0.22932417499488775
1043,0.0317540317773819,1.0,0.9677846431732178,0.9682292342185974,0.4480347516737812
1044,0.030079416930675507,1.0,0.9660194516181946,0.9681254029273987,0.18551539792580496
1045,0.026082266122102737,1.0,0.9677846431732178,0.9683849811553955,0.2562240117055595
1046,0.02356719970703125,1.0,0.9721977114677429,0.9700462222099304,0.4011411861299716
1047,0.031276095658540726,1.0,0.9744042158126831,0.971343994140625,0.4140189517109586
1048,0.02963334321975708,1.0,0.9744042158126831,0.9735243916511536,0.3292777287052101
1049,0.042344823479652405,1.0,0.977934718132019,0.9753413200378418,0.33936588781964905
1050,0.03869149833917618,1.0,0.977934718132019,0.9762238264083862,0.44849560541737776
1051,0.04074541851878166,1.0,0.9766107797622681,0.973835825920105,0.26134816358976926
1052,0.04927007853984833,1.0,0.9796999096870422,0.9766910672187805,0.633957989422034
1053,0.036825720220804214,1.0,0.977493405342102,0.9759123921394348,0.31489591566264996
1054,0.04025368392467499,1.0,0.9770520925521851,0.9770544767379761,0.38475428210861623
1055,0.02677663415670395,1.0,0.9770520925521851,0.9770025610923767,0.33163931131129054
1056,0.024052150547504425,1.0,0.9796999096870422,0.9771063923835754,0.26043839425613063
1057,0.03406757488846779,1.0,0.977934718132019,0.9786637425422668,0.34875633237901005
1058,0.021767200902104378,1.0,0.977934718132019,0.9785599112510681,0.18959596725676015
1059,0.03979389742016792,1.0,0.9788172841072083,0.9780408143997192,0.2305801062036326
1060,0.0344998724758625,1.0,0.978376030921936,0.9785599112510681,0.4553512998595696
1061,0.025816267356276512,1.0,0.9814651608467102,0.9786637425422668,0.2217305054374305
1062,0.027095552533864975,1.0,0.9788172841072083,0.9781965613365173,0.353503283155075
1063,0.028332645073533058,1.0,0.9766107797622681,0.9761719107627869,0.35018807408282937
1064,0.03458269685506821,1.0,0.9708737730979919,0.9736282229423523,0.2615961627564594
1065,0.01938900165259838,1.0,0.9682259559631348,0.9714997410774231,0.21855345188895847
1066,0.02804839424788952,1.0,0.9713150858879089,0.9724342226982117,0.3359747261833794
1067,0.05022403225302696,1.0,0.9761694669723511,0.9762238264083862,0.43077240669257466
1068,0.040354177355766296,1.0,0.977934718132019,0.9783522486686707,0.27521071145449016
1069,0.04288480058312416,1.0,0.9805825352668762,0.9792867302894592,0.3633113691204807
1070,0.0268025491386652,1.0,0.9814651608467102,0.9792348146438599,0.2127821430225873
1071,0.04470067843794823,1.0,0.9805825352668762,0.9780927300453186,0.4531361043682259
1072,0.032737910747528076,1.0,0.9788172841072083,0.9772620797157288,0.40122867304515686
1073,0.0332622192800045,1.0,0.9792585968971252,0.9767429828643799,0.31486475169276945
1074,0.030185477808117867,1.0,0.9726390242576599,0.974406898021698,0.22772071826606793
1075,0.03059036284685135,1.0,0.9686672687530518,0.9707729816436768,0.17962254128414437
1076,0.04310893267393112,1.0,0.9735216498374939,0.9728494882583618,0.434651259244563
1077,0.04092174395918846,1.0,0.9752868413925171,0.9719669818878174,0.44616386850994816
1078,0.024245643988251686,1.0,0.9770520925521851,0.9726937413215637,0.3154597413643729
1079,0.04449994117021561,1.0,0.9788172841072083,0.9767948985099792,0.6462045940733198
1080,0.011852235533297062,1.0,0.9748455286026001,0.9723823070526123,0.20808562086632898
1081,0.03419428691267967,1.0,0.977934718132019,0.9732648134231567,0.5070343688011498
1082,0.02926422655582428,0.999117374420166,0.9792585968971252,0.9740954041481018,0.4414986606416062
1083,0.046002596616744995,1.0,0.9739629626274109,0.9721746444702148,0.4198057219883325
1084,0.026973791420459747,1.0,0.977934718132019,0.9729014039039612,0.4051504754694257
1085,0.032045453786849976,1.0,0.9752868413925171,0.9734724760055542,0.42285038303961386
1086,0.04094240069389343,1.0,0.9721977114677429,0.9707210659980774,0.4081470739275085
1087,0.02929754927754402,1.0,0.9691085815429688,0.9705653190612793,0.3729223859699966
1088,0.03891182318329811,1.0,0.9730803370475769,0.9740434885025024,0.42415597792607396
1089,0.031075479462742805,1.0,0.9713150858879089,0.972589910030365,0.28331079968033174
1090,0.04112425446510315,1.0,0.9770520925521851,0.9758604764938354,0.4966108437580198
1091,0.03400527313351631,1.0,0.9796999096870422,0.9764314889907837,0.21858027434914554
1092,0.03699835389852524,0.999117374420166,0.9788172841072083,0.9750298261642456,0.34609292244984224
1093,0.035155992954969406,0.999117374420166,0.9748455286026001,0.9725379943847656,0.19541758700689837
1094,0.05795212835073471,0.999117374420166,0.9752868413925171,0.9735243916511536,0.5806313395356798
1095,0.03623424097895622,1.0,0.9744042158126831,0.9711883068084717,0.20639705915079976
1096,0.03715252876281738,1.0,0.9726390242576599,0.9707729816436768,0.3955988595440705
1097,0.030245380476117134,1.0,0.9744042158126831,0.9735243916511536,0.3009781100292353
1098,0.05163702368736267,1.0,0.977493405342102,0.9761719107627869,0.5384801468529474
1099,0.033701036125421524,0.9982348084449768,0.977493405342102,0.9740434885025024,0.48023867955435107
1100,0.030693333595991135,0.9973521828651428,0.9761694669723511,0.9724342226982117,0.42091209295671694
1101,0.05028563737869263,1.0,0.9796999096870422,0.97715824842453,0.5740526156652038
1102,0.039103440940380096,1.0,0.9792585968971252,0.9779888987541199,0.311397625519077
1103,0.039153315126895905,1.0,0.977934718132019,0.9758604764938354,0.23966218425396218
1104,0.03779777139425278,1.0,0.9766107797622681,0.9760680794715881,0.9303131475324873
1105,0.024275554344058037,0.9947043061256409,0.9691085815429688,0.9677101373672485,0.17510821002363086
1106,0.03356219828128815,0.9964695572853088,0.9677846431732178,0.9666199684143066,0.5186319399307455
1107,0.04480390623211861,1.0,0.9721977114677429,0.9714997410774231,0.8678914188556596
1108,0.03431659936904907,0.9885260462760925,0.9558693766593933,0.9555105566978455,0.33226180964428415
1109,0.10104943811893463,0.9832303524017334,0.949249804019928,0.9499039649963379,3.173304471300686
1110,0.13602644205093384,0.9673433303833008,0.9443954229354858,0.9395213723182678,1.4256156713585286
1111,0.2529447376728058,0.9691085815429688,0.9452780485153198,0.9440377950668335,1.8397097402740419
1112,0.14477616548538208,0.9814651608467102,0.9545454382896423,0.9509941339492798,1.2476415823742444
1113,0.1246248185634613,0.9841129779815674,0.9567520022392273,0.9559258818626404,1.4191507030145163
1114,0.18803684413433075,0.9858782291412354,0.948808491230011,0.9534859657287598,1.1116968700777565
1115,0.20488545298576355,1.0,0.9792585968971252,0.9737839102745056,1.9124001266348982
1116,0.055674005299806595,0.9823477864265442,0.9593998193740845,0.957119882106781,0.286219997964476
1117,0.13401482999324799,0.9708737730979919,0.9452780485153198,0.9428957104682922,0.8501934285351683
1118,0.12095098197460175,0.9752868413925171,0.9408649802207947,0.9391579627990723,0.6328825349854869
1119,0.15373015403747559,0.9761694669723511,0.948808491230011,0.9462700486183167,0.9862637287542727
1120,0.11771029978990555,0.9823477864265442,0.950132429599762,0.9466853737831116,0.5646632633082116
1121,0.10105225443840027,0.9955869317054749,0.9549867510795593,0.9562373161315918,0.5123902755098683
1122,0.150194451212883,0.9982348084449768,0.9664607048034668,0.96677565574646,1.0563857042958487
1123,0.08261501789093018,0.9973521828651428,0.9691085815429688,0.9687483906745911,0.46166447878205463
1124,0.08839784562587738,0.9973521828651428,0.9695498943328857,0.9690079092979431,0.763870893138143
1125,0.08276713639497757,0.9982348084449768,0.9757281541824341,0.9737319946289062,0.6453085716103416
1126,0.05187206715345383,0.9982348084449768,0.978376030921936,0.9762757420539856,0.42591356070811925
1127,0.06690709292888641,0.9982348084449768,0.977493405342102,0.9748221635818481,0.3936748398320103
1128,0.05954893305897713,0.9982348084449768,0.9792585968971252,0.9742511510848999,0.46228684290238936
1129,0.042355217039585114,0.9982348084449768,0.9788172841072083,0.974406898021698,0.4290130430586704
1130,0.055956318974494934,0.9982348084449768,0.9801412224769592,0.9757047295570374,0.43569436714589566
1131,0.05488485470414162,0.9982348084449768,0.9752868413925171,0.975652813911438,0.5111058388906274
1132,0.04429100081324577,0.9982348084449768,0.9735216498374939,0.9749259948730469,0.3682738805351399
1133,0.03974708542227745,0.9982348084449768,0.9726390242576599,0.9739396572113037,0.3715006575352869
1134,0.05389680340886116,1.0,0.9730803370475769,0.9749259948730469,0.3817498487961405
1135,0.05566875636577606,1.0,0.9748455286026001,0.9745626449584961,0.4645292880104724
1136,0.06786704063415527,0.999117374420166,0.9757281541824341,0.9748740792274475,0.6998396349952932
1137,0.04887038469314575,0.9982348084449768,0.9757281541824341,0.973160982131958,0.5120705050050917
1138,0.05662442371249199,0.9982348084449768,0.9721977114677429,0.971343994140625,0.5486515473581006
1139,0.036303143948316574,0.9982348084449768,0.9744042158126831,0.9717593193054199,0.39601394994538947
1140,0.05532417446374893,1.0,0.9796999096870422,0.9754970669746399,0.5348677503493959
1141,0.05415230244398117,0.9982348084449768,0.9761694669723511,0.9724860787391663,0.41681988983055457
1142,0.04735219106078148,0.9964695572853088,0.9713150858879089,0.9704095721244812,0.3184879515305166
1143,0.059603363275527954,0.9982348084449768,0.9699912071228027,0.9707210659980774,0.9409030595522685
1144,0.04363482818007469,0.999117374420166,0.9638128876686096,0.96552973985672,0.5111854659811635
1145,0.04191947728395462,0.999117374420166,0.9624889492988586,0.9654778242111206,0.5125944543446845
1146,0.03880918771028519,0.999117374420166,0.9598411321640015,0.964180052280426,0.5504394250178112
1147,0.07625395804643631,1.0,0.9633715748786926,0.9662565588951111,0.7120786489832261
1148,0.05306047201156616,1.0,0.9655781388282776,0.9686964750289917,0.3199709295288835
1149,0.04602356627583504,0.999117374420166,0.9664607048034668,0.9701499938964844,0.3831438471282902
1150,0.04972592741250992,0.999117374420166,0.9726390242576599,0.9731090664863586,0.58966630314487
1151,0.03570832684636116,0.999117374420166,0.9752868413925171,0.9743030667304993,0.2632986394978551
1152,0.03637717664241791,1.0,0.9770520925521851,0.9739396572113037,0.16323006062629294
1153,0.025494975969195366,1.0,0.9730803370475769,0.9728494882583618,0.3616383838346631
1154,0.04655562341213226,1.0,0.9695498943328857,0.9721227288246155,0.46546404012838727
1155,0.030815834179520607,1.0,0.9691085815429688,0.9721227288246155,0.34378538342032217
1156,0.05129588395357132,1.0,0.9730803370475769,0.9745107293128967,0.754010544363763
1157,0.03193620219826698,1.0,0.9757281541824341,0.9740434885025024,0.28265759602621504
1158,0.04803365096449852,1.0,0.9748455286026001,0.9743549823760986,0.343791119496258
1159,0.07637309283018112,1.0,0.9757281541824341,0.974406898021698,0.5349937880673657
1160,0.02643434889614582,0.999117374420166,0.9713150858879089,0.9697866439819336,0.18989886878930876
1161,0.03327127546072006,0.999117374420166,0.9713150858879089,0.9705134034156799,0.472891692492199
1162,0.04898760840296745,1.0,0.9748455286026001,0.9729533195495605,0.4783611768324362
1163,0.030457189306616783,1.0,0.9748455286026001,0.9736800789833069,0.21527752602407274
1164,0.02810860238969326,1.0,0.9739629626274109,0.9733167290687561,0.31126946001311
1165,0.025798099115490913,1.0,0.9717563986778259,0.9726418256759644,0.22020326515869354
1166,0.03284107521176338,1.0,0.9726390242576599,0.9735763072967529,0.4515349378376813
1167,0.0444636195898056,1.0,0.9761694669723511,0.9752374887466431,0.5212609287875917
1168,0.024150200188159943,1.0,0.9721977114677429,0.9724860787391663,0.2544239135562203
1169,0.028387289494276047,1.0,0.9686672687530518,0.9695789813995361,0.23494213720940088
1170,0.028837502002716064,1.0,0.9691085815429688,0.9701499938964844,0.3160186807752391
1171,0.06317093968391418,1.0,0.9726390242576599,0.9728494882583618,0.903519495694438
1172,0.01795078068971634,0.9947043061256409,0.9664607048034668,0.9659969806671143,0.23765315529472333
1173,0.07097580283880234,1.0,0.9761694669723511,0.9767429828643799,1.5664385644047416
1174,0.055994465947151184,0.9947043061256409,0.9620476961135864,0.965425968170166,0.9733047193357807
1175,0.060730841010808945,0.999117374420166,0.9593998193740845,0.9631417393684387,0.9411649146622659
1176,0.059706155210733414,1.0,0.9633715748786926,0.9645434021949768,0.972397682070704
1177,0.06023106724023819,0.9982348084449768,0.9589585065841675,0.9595078825950623,0.6302835018765578
1178,0.054533034563064575,0.999117374420166,0.9646955132484436,0.968592643737793,1.1317894630897471
1179,0.020818404853343964,0.9947043061256409,0.9563106894493103,0.961117148399353,0.2767569393252794
1180,0.061189230531454086,0.999117374420166,0.970432460308075,0.9702019095420837,1.1029076436877048
1181,0.03603579103946686,0.999117374420166,0.9682259559631348,0.9677101373672485,0.35704317438868
1182,0.059498514980077744,1.0,0.9695498943328857,0.9706172347068787,0.744808817600437
1183,0.04878467693924904,0.999117374420166,0.9708737730979919,0.9708248972892761,0.49229915694726045
1184,0.04438905045390129,0.9982348084449768,0.9686672687530518,0.9691117405891418,0.3420144520239398
1185,0.0620531365275383,1.0,0.9748455286026001,0.9756008982658386,0.6670073697996349
1186,0.043877482414245605,1.0,0.9757281541824341,0.9766391515731812,0.42395011150043216
1187,0.03043225407600403,1.0,0.9730803370475769,0.971343994140625,0.3640771754895406
1188,0.06394437700510025,1.0,0.9713150858879089,0.9746664762496948,0.965178077255456
1189,0.022819653153419495,0.9982348084449768,0.9708737730979919,0.9732128977775574,0.2250376915579685
1190,0.03517163544893265,0.9973521828651428,0.9669020175933838,0.9671390652656555,0.31138421110908093
1191,0.06689311563968658,1.0,0.9695498943328857,0.971915066242218,0.7772644770219614
1192,0.03627491742372513,1.0,0.9695498943328857,0.9725379943847656,0.2888797898446499
1193,0.02396809309720993,1.0,0.9691085815429688,0.9718112349510193,0.20457830755434095
1194,0.061261020600795746,1.0,0.9699912071228027,0.9722265601158142,0.7885269172812122
1195,0.05203154310584068,1.0,0.9717563986778259,0.9735243916511536,0.448278501376279
1196,0.026856763288378716,0.9982348084449768,0.9682259559631348,0.9691636562347412,0.2185707541683971
1197,0.04444222152233124,0.9973521828651428,0.9695498943328857,0.9697347283363342,0.5492600731972155
1198,0.04676166549324989,1.0,0.9748455286026001,0.9741473197937012,0.563328195425169
1199,0.024892283603549004,1.0,0.9739629626274109,0.9756008982658386,0.18773789594636217
1200,0.03245185688138008,1.0,0.9757281541824341,0.9769506454467773,0.3285623100615304
1201,0.02925545535981655,1.0,0.9766107797622681,0.9776774048805237,0.33255506587191025
1202,0.04004086181521416,1.0,0.977934718132019,0.9789233207702637,0.31312492423370203
1203,0.02977541834115982,1.0,0.978376030921936,0.9792867302894592,0.40522771372369043
1204,0.04082378000020981,1.0,0.9788172841072083,0.9802730679512024,0.3000737163483546
1205,0.019598301500082016,1.0,0.978376030921936,0.97965008020401,0.1546653931187097
1206,0.03528985753655434,1.0,0.9752868413925171,0.9780408143997192,0.3393028401570127
1207,0.026118608191609383,1.0,0.9721977114677429,0.9760161638259888,0.37905999660679546
1208,0.02546561323106289,1.0,0.970432460308075,0.9751336574554443,0.222279976267152
1209,0.020251326262950897,1.0,0.9695498943328857,0.9739396572113037,0.25028765821014715
1210,0.019421398639678955,1.0,0.9699912071228027,0.9735243916511536,0.28582150115466454
1211,0.03810110315680504,1.0,0.9726390242576599,0.9758604764938354,0.417664917820955
1212,0.04817149043083191,1.0,0.9761694669723511,0.9770544767379761,0.5180941251442788
1213,0.02983957901597023,1.0,0.977934718132019,0.9758085608482361,0.3338884648767086
1214,0.03224283456802368,1.0,0.9770520925521851,0.9765872359275818,0.4037451625925522
1215,0.05266891419887543,1.0,0.977934718132019,0.9780408143997192,0.41644791577564294
1216,0.02476371079683304,1.0,0.9801412224769592,0.9776254892349243,0.27102588588842536
1217,0.04406318813562393,1.0,0.9796999096870422,0.9783522486686707,0.4372886681423466
1218,0.03298671916127205,1.0,0.9770520925521851,0.9779369831085205,0.4444809266399129
1219,0.039024967700242996,1.0,0.9752868413925171,0.9756008982658386,0.3728374209275899
1220,0.032432179898023605,1.0,0.9699912071228027,0.9741992354393005,0.4781071993568052
1221,0.04023157060146332,1.0,0.9699912071228027,0.973160982131958,0.32524634327269347
1222,0.027479348704218864,1.0,0.9686672687530518,0.9711363911628723,0.33076803535350874
1223,0.030286528170108795,1.0,0.9699912071228027,0.9722265601158142,0.35273685349355416
1224,0.03610372543334961,1.0,0.9739629626274109,0.9747183918952942,0.4198116722482278
1225,0.026676153764128685,1.0,0.9721977114677429,0.9740954041481018,0.4175888525115045
1226,0.019298607483506203,0.999117374420166,0.9708737730979919,0.9707729816436768,0.18857273199119862
1227,0.04525669291615486,0.9982348084449768,0.9735216498374939,0.9727975726127625,0.5637276780901763
1228,0.05631423369050026,1.0,0.9766107797622681,0.9749779105186462,0.8259879463762931
1229,0.03757127374410629,1.0,0.9739629626274109,0.9751336574554443,0.39693146404308616
1230,0.0358547680079937,1.0,0.9752868413925171,0.9742511510848999,0.7378081007289464
1231,0.03755858168005943,1.0,0.977934718132019,0.9752374887466431,0.3697771742765097
1232,0.036395709961652756,0.9982348084449768,0.9788172841072083,0.9758085608482361,0.4245671087121452
1233,0.025515152141451836,0.999117374420166,0.978376030921936,0.9757566452026367,0.2705065639600232
1234,0.039327461272478104,1.0,0.9796999096870422,0.9778331518173218,0.3188740804475956
1235,0.02816551737487316,1.0,0.9796999096870422,0.9786637425422668,0.19459314316753856
1236,0.026323677971959114,1.0,0.977934718132019,0.9771063923835754,0.2620232843120288
1237,0.03456183895468712,1.0,0.9766107797622681,0.9766391515731812,0.44206590255383466
1238,0.02031887136399746,1.0,0.9761694669723511,0.9771063923835754,0.2933756759596037
1239,0.02261398360133171,1.0,0.9770520925521851,0.9770025610923767,0.23346736655025996
1240,0.04009828343987465,1.0,0.9770520925521851,0.9772620797157288,0.33374954037469196
1241,0.035676758736371994,1.0,0.9770520925521851,0.9770544767379761,0.22699258562868524
1242,0.0255939532071352,1.0,0.977934718132019,0.9774697422981262,0.19912089844402386
1243,0.03938170149922371,1.0,0.9770520925521851,0.9780408143997192,0.2836094308447658
1244,0.01804676279425621,1.0,0.9770520925521851,0.9779888987541199,0.19447581128234212
1245,0.024903129786252975,1.0,0.9788172841072083,0.9780927300453186,0.2225890139907393
1246,0.031178925186395645,1.0,0.978376030921936,0.9776774048805237,0.3335004882327487
1247,0.020548081025481224,1.0,0.9792585968971252,0.9779888987541199,0.2831596075409103
1248,0.01295645534992218,1.0,0.9766107797622681,0.9764314889907837,0.15401611640728138
1249,0.03359218314290047,1.0,0.9721977114677429,0.9748740792274475,0.3997860621577412
1250,0.03293886408209801,1.0,0.9699912071228027,0.9727456569671631,0.2205880332188828
1251,0.03286217153072357,1.0,0.9730803370475769,0.9732648134231567,0.3188923388462656
1252,0.020946061238646507,1.0,0.9717563986778259,0.9728494882583618,0.16223454923168418
1253,0.029206885024905205,1.0,0.9735216498374939,0.9723303914070129,0.3782137964923254
1254,0.015239011496305466,1.0,0.9744042158126831,0.9724342226982117,0.13272134942505084
1255,0.0263837818056345,1.0,0.9796999096870422,0.9770025610923767,0.571864194714911
1256,0.022310171276330948,1.0,0.9796999096870422,0.9753932356834412,0.26857371888506804
1257,0.040853191167116165,1.0,0.9810238480567932,0.97840416431427,0.5407930966848672
1258,0.025332193821668625,1.0,0.978376030921936,0.9764314889907837,0.370466689135794
1259,0.026064088568091393,1.0,0.9761694669723511,0.9759123921394348,0.3932863912214352
1260,0.027907103300094604,1.0,0.9757281541824341,0.9761199951171875,0.3699754256024497
1261,0.01826099306344986,1.0,0.9748455286026001,0.9746664762496948,0.1788190946419303
1262,0.024974415078759193,1.0,0.9739629626274109,0.9745107293128967,0.36940443552291047
1263,0.016076622530817986,1.0,0.9757281541824341,0.9745107293128967,0.176801309032697
1264,0.03150928393006325,1.0,0.977493405342102,0.975081741809845,0.2363905666862521
1265,0.013375143520534039,1.0,0.978376030921936,0.9750298261642456,0.210412382595652
1266,0.045277971774339676,1.0,0.9796999096870422,0.9753413200378418,0.2577549187848614
1267,0.014451611787080765,1.0,0.9792585968971252,0.9747703075408936,0.15245560950166145
1268,0.031005900353193283,1.0,0.9770520925521851,0.975652813911438,0.4874222706204386
1269,0.013367680832743645,1.0,0.9770520925521851,0.9757047295570374,0.2015980947809914
1270,0.017981570214033127,1.0,0.977493405342102,0.9760161638259888,0.19704459987631995
1271,0.03877665847539902,1.0,0.9810238480567932,0.9755489826202393,0.3245737806710182
1272,0.04844475910067558,1.0,0.9792585968971252,0.9757047295570374,0.4571315901389369
1273,0.03693775087594986,1.0,0.9757281541824341,0.9743030667304993,0.2733646191387373
1274,0.03514622896909714,1.0,0.9739629626274109,0.9741473197937012,0.30451488609413
1275,0.019096899777650833,1.0,0.9757281541824341,0.9734724760055542,0.3180313928186953
1276,0.024624137207865715,1.0,0.9721977114677429,0.9715516567230225,0.17205180320348
1277,0.02498684637248516,1.0,0.9695498943328857,0.9715516567230225,0.40710297005673013
1278,0.02839827910065651,1.0,0.9744042158126831,0.9756008982658386,0.45695687783718925
1279,0.06133079528808594,1.0,0.9757281541824341,0.9754970669746399,0.4100609107097132
1280,0.036012738943099976,1.0,0.9757281541824341,0.9743030667304993,0.3170884333512679
1281,0.03401421010494232,1.0,0.9770520925521851,0.9752374887466431,0.4654182204421533
1282,0.03452399745583534,1.0,0.9752868413925171,0.974406898021698,0.3895417562573656
1283,0.03324207291007042,1.0,0.9730803370475769,0.9733167290687561,0.29075316612958263
1284,0.03230508044362068,0.999117374420166,0.9717563986778259,0.9707729816436768,0.31273051864296186
1285,0.030477480962872505,0.9982348084449768,0.9744042158126831,0.9725379943847656,0.38240753616569034
1286,0.04655411094427109,1.0,0.978376030921936,0.9758085608482361,0.5589726239563974
1287,0.025423843413591385,1.0,0.978376030921936,0.9758085608482361,0.27596978009171125
1288,0.030416231602430344,1.0,0.9792585968971252,0.976898729801178,0.34265140557378093
1289,0.04070141911506653,1.0,0.9796999096870422,0.9770544767379761,0.6894299779159169
1290,0.021149219945073128,0.999117374420166,0.9770520925521851,0.9753932356834412,0.1713498886928409
1291,0.024666452780365944,0.9982348084449768,0.9744042158126831,0.9719669818878174,0.3603753363114982
1292,0.03389300778508186,1.0,0.9805825352668762,0.9757047295570374,0.9629874989760443
1293,0.026989568024873734,1.0,0.977934718132019,0.9738877415657043,0.23234492969286982
1294,0.06562549620866776,0.9929391145706177,0.9699912071228027,0.9671909809112549,2.0814374575703747
1295,0.061717141419649124,0.9744042158126831,0.94748455286026,0.9459066390991211,0.8622298553466287
1296,0.1367170512676239,0.999117374420166,0.9730803370475769,0.9712921380996704,1.8861958312363123
1297,0.047990478575229645,0.9964695572853088,0.9748455286026001,0.9696308970451355,1.2192987438769032
1298,0.09986945986747742,0.999117374420166,0.9691085815429688,0.9696308970451355,1.1535374278732693
1299,0.0952250063419342,1.0,0.9699912071228027,0.9716554880142212,1.1840423474839084
1300,0.0390450693666935,0.999117374420166,0.9646955132484436,0.9642838835716248,0.45797003836528183
1301,0.0656704232096672,0.9982348084449768,0.9660194516181946,0.9643357396125793,0.8224373715276261
1302,0.08281613141298294,0.9973521828651428,0.9752868413925171,0.9741992354393005,1.0930126859000737
1303,0.031201425939798355,0.9947043061256409,0.9726390242576599,0.972589910030365,0.3199303503698352
1304,0.05618000775575638,0.9982348084449768,0.9646955132484436,0.969423234462738,0.7518099797565383
1305,0.048422910273075104,0.9982348084449768,0.9655781388282776,0.9670871496200562,0.5443450303288878
1306,0.04788771644234657,0.9982348084449768,0.9717563986778259,0.9714478254318237,0.6018084292876085
1307,0.03842831775546074,1.0,0.9744042158126831,0.9730052351951599,0.47285134730650275
1308,0.04376969113945961,1.0,0.9748455286026001,0.9718112349510193,0.5024473046713303
1309,0.067302405834198,1.0,0.9744042158126831,0.9721227288246155,0.7395094372679005
1310,0.03723197430372238,0.999117374420166,0.9699912071228027,0.9684368968009949,0.30994331772324957
1311,0.025449207052588463,0.999117374420166,0.9708737730979919,0.9689560532569885,0.3573338290774352
1312,0.022593405097723007,0.9982348084449768,0.9713150858879089,0.9708768129348755,0.2694645701370156
1313,0.04766514152288437,0.9964695572853088,0.9730803370475769,0.9730052351951599,0.32774124222853696
1314,0.033733874559402466,0.9982348084449768,0.9748455286026001,0.9749259948730469,0.2313229318814222
1315,0.03418285772204399,1.0,0.9744042158126831,0.9756008982658386,0.4934710379511974
1316,0.03628971055150032,1.0,0.9730803370475769,0.9733686447143555,0.27879647868288976
1317,0.031315531581640244,1.0,0.9730803370475769,0.9724860787391663,0.3103716028658759
1318,0.04292704910039902,1.0,0.9726390242576599,0.973160982131958,0.36275985819258205
1319,0.05196850001811981,1.0,0.9735216498374939,0.9733167290687561,0.5111865346097711
1320,0.026576470583677292,1.0,0.9726390242576599,0.9728494882583618,0.29540870238261147
1321,0.02860618196427822,1.0,0.9726390242576599,0.973835825920105,0.3518161904179596
1322,0.027693483978509903,1.0,0.9726390242576599,0.9735763072967529,0.3592803343181809
1323,0.023765889927744865,1.0,0.9739629626274109,0.9729533195495605,0.2746665755095212
1324,0.045811235904693604,1.0,0.9730803370475769,0.9730571508407593,0.39654483333846313
1325,0.03234049677848816,1.0,0.9735216498374939,0.9736282229423523,0.31368577688580085
1326,0.042151257395744324,1.0,0.9744042158126831,0.9745107293128967,0.2498078989463939
1327,0.038787081837654114,1.0,0.9717563986778259,0.973835825920105,0.45795256654432415
1328,0.041102681308984756,1.0,0.9717563986778259,0.9709806442260742,0.9467865665728427
1329,0.052505336701869965,1.0,0.9682259559631348,0.9709287285804749,0.5355987044087934
1330,0.026640260592103004,0.999117374420166,0.9664607048034668,0.9703576564788818,0.2656343098645985
1331,0.05351461470127106,0.999117374420166,0.9686672687530518,0.9708768129348755,0.4619915380556345
1332,0.06800078600645065,0.999117374420166,0.9686672687530518,0.9699423909187317,0.46612225006836105
1333,0.06829692423343658,0.999117374420166,0.9686672687530518,0.9708768129348755,0.4916782241564035
1334,0.05078742280602455,1.0,0.9686672687530518,0.9704614877700806,0.531715747692244
1335,0.042788147926330566,1.0,0.9695498943328857,0.9723823070526123,0.4179614914003126
1336,0.06226058676838875,0.999117374420166,0.9708737730979919,0.9722784757614136,0.8547463769817102
1337,0.04480460658669472,0.9894086718559265,0.9624889492988586,0.964180052280426,0.5177089122884077
1338,0.10832399874925613,1.0,0.970432460308075,0.9703057408332825,1.5873932246485947
1339,0.04880986735224724,0.9841129779815674,0.9505736827850342,0.9548357129096985,0.6231447149053251
1340,0.10519365966320038,0.999117374420166,0.9717563986778259,0.9737319946289062,2.4143036772796287
1341,0.030234964564442635,0.9682259559631348,0.9307149052619934,0.9311114549636841,0.39825905415304697
1342,0.18286752700805664,0.999117374420166,0.9664607048034668,0.9662565588951111,2.3260513375977165
1343,0.04672909900546074,0.9858782291412354,0.948808491230011,0.9485023021697998,0.5485263242890445
1344,0.12948530912399292,1.0,0.9686672687530518,0.9685407280921936,2.4291085540922452
1345,0.051527127623558044,0.9902912974357605,0.9611650705337524,0.9613767266273499,0.9344481905560943
1346,0.10367587953805923,1.0,0.9695498943328857,0.9664642214775085,1.5502432760962674
1347,0.07360995560884476,0.9938217401504517,0.9554280638694763,0.9570679664611816,0.4759964104029268
1348,0.08070962876081467,0.9955869317054749,0.9616063833236694,0.9617920517921448,0.9656281167621121
1349,0.11431534588336945,0.999117374420166,0.9699912071228027,0.9689041376113892,1.6730805096902899
1350,0.06360965222120285,0.9788172841072083,0.9413062930107117,0.9419093728065491,0.655103685556939
1351,0.1921343356370926,0.999117374420166,0.9691085815429688,0.9683849811553955,2.557520976283397
1352,0.05974797531962395,0.9964695572853088,0.9646955132484436,0.960442304611206,0.4985820665616579
1353,0.1438017338514328,0.9894086718559265,0.947925865650177,0.9532263875007629,1.992641895173621
1354,0.13059493899345398,0.9664607048034668,0.925419270992279,0.9309037923812866,0.9791060485673817
1355,0.21672189235687256,0.9947043061256409,0.9567520022392273,0.9560816287994385,1.59782169438216
1356,0.11331839114427567,0.9929391145706177,0.9651368260383606,0.9637128114700317,0.9692461375457404
1357,0.07157284021377563,1.0,0.9699912071228027,0.9676582217216492,0.5485357438860099
1358,0.09378162771463394,0.9982348084449768,0.970432460308075,0.9671390652656555,0.5186128772263812
1359,0.08137388527393341,0.9982348084449768,0.9730803370475769,0.9708768129348755,0.8089350000303521
1360,0.07024243474006653,1.0,0.9761694669723511,0.9722265601158142,0.5603091177363784
1361,0.04956787824630737,0.9982348084449768,0.9748455286026001,0.9705653190612793,0.37381087202653934
1362,0.07840608060359955,0.9938217401504517,0.970432460308075,0.9646991491317749,0.4094967925386988
1363,0.047020912170410156,0.9955869317054749,0.9695498943328857,0.9653740525245667,0.3770367022156731
1364,0.07056475430727005,0.9964695572853088,0.9766107797622681,0.9696828126907349,0.5582991025661153
1365,0.056106675416231155,0.9982348084449768,0.9748455286026001,0.9704095721244812,0.3665199709569354
1366,0.05023302137851715,1.0,0.9744042158126831,0.9714997410774231,0.3106695372598326
1367,0.058919381350278854,1.0,0.9757281541824341,0.9734205603599548,0.5657036183890134
1368,0.05880838260054588,1.0,0.9748455286026001,0.9732128977775574,0.40099650157593625
1369,0.04936201125383377,1.0,0.9708737730979919,0.9715516567230225,0.4783527263415381
1370,0.028662439435720444,1.0,0.9717563986778259,0.9700981378555298,0.2716010083634833
1371,0.04544223099946976,1.0,0.9735216498374939,0.9715516567230225,0.45897707603616567
1372,0.042722757905721664,1.0,0.9735216498374939,0.9716554880142212,0.4311947598186857
1373,0.05156521871685982,1.0,0.9717563986778259,0.9698904752731323,0.29248598776215007
1374,0.047902826219797134,1.0,0.9748455286026001,0.971084475517273,0.4504382926945677
1375,0.03482406586408615,1.0,0.9717563986778259,0.9722784757614136,0.4104445254691437
1376,0.051630452275276184,0.9982348084449768,0.9677846431732178,0.9666199684143066,0.7066622454225933
1377,0.05766985937952995,0.9982348084449768,0.9708737730979919,0.9697866439819336,0.9168858467111889
1378,0.06684820353984833,0.9982348084449768,0.9708737730979919,0.9685407280921936,0.5374173133563555
1379,0.06441882997751236,0.9938217401504517,0.9651368260383606,0.9630379676818848,0.7351266239503991
1380,0.049185894429683685,1.0,0.9691085815429688,0.9688522219657898,0.7940567607814266
1381,0.02939419448375702,1.0,0.970432460308075,0.9708248972892761,0.2858294781692354
1382,0.03881534934043884,0.9982348084449768,0.9699912071228027,0.9685407280921936,0.44720564164851095
1383,0.04656638205051422,0.9973521828651428,0.970432460308075,0.9682292342185974,0.3821769424230584
1384,0.042098842561244965,1.0,0.9735216498374939,0.9726418256759644,0.40192459512139034
1385,0.02376450039446354,1.0,0.977493405342102,0.975081741809845,0.23566868227235685
1386,0.025006217882037163,1.0,0.977934718132019,0.9751855731010437,0.14510073842096818
1387,0.046390656381845474,1.0,0.9770520925521851,0.9759643077850342,0.5496455862997838
1388,0.029206469655036926,1.0,0.9766107797622681,0.9757566452026367,0.27199084972186743
1389,0.026439962908625603,1.0,0.978376030921936,0.9751855731010437,0.21175128133414303
1390,0.039686162024736404,1.0,0.977493405342102,0.9758085608482361,0.28508347442659737
1391,0.03834099322557449,1.0,0.978376030921936,0.9760680794715881,0.28318645412427634
1392,0.0384853258728981,1.0,0.9770520925521851,0.9759123921394348,0.25691268899029446
1393,0.02345910109579563,1.0,0.977934718132019,0.974406898021698,0.21617091721875503
1394,0.03129223361611366,1.0,0.9752868413925171,0.9740954041481018,0.2282300371799837
1395,0.02298758178949356,1.0,0.9757281541824341,0.9745107293128967,0.27410996451420266
1396,0.038719817996025085,1.0,0.9761694669723511,0.9747703075408936,0.4396314193616285
1397,0.027561534196138382,1.0,0.9766107797622681,0.9747703075408936,0.15468895480233388
1398,0.024881184101104736,1.0,0.9770520925521851,0.9749779105186462,0.23544805135886474
1399,0.028046492487192154,1.0,0.9757281541824341,0.9747703075408936,0.25553698178657575
1400,0.03117728792130947,1.0,0.9757281541824341,0.9746145606040955,0.22235574721142717
1401,0.03294098377227783,1.0,0.9788172841072083,0.9761199951171875,0.3095654916224584
1402,0.025429468601942062,1.0,0.978376030921936,0.9760680794715881,0.23373071655213243
1403,0.04236858710646629,1.0,0.9788172841072083,0.9771063923835754,0.3500687425792569
1404,0.020467713475227356,1.0,0.9788172841072083,0.9772620797157288,0.2315937160993015
1405,0.03747422620654106,1.0,0.977493405342102,0.9772101640701294,0.3261672589980503
1406,0.021444547921419144,1.0,0.977493405342102,0.9760680794715881,0.151595611703863
1407,0.030374420806765556,1.0,0.9757281541824341,0.9749779105186462,0.20868687758614088
1408,0.022471413016319275,1.0,0.977493405342102,0.9753413200378418,0.33849030965102117
1409,0.048631247133016586,1.0,0.9788172841072083,0.9766391515731812,0.47842684350288167
1410,0.04878060147166252,1.0,0.9796999096870422,0.9773659110069275,0.4543064786690128
1411,0.03258923813700676,1.0,0.9788172841072083,0.9785079956054688,0.5620731386826114
1412,0.025689272210001945,1.0,0.9766107797622681,0.9772101640701294,0.21553487370805421
1413,0.030130956321954727,1.0,0.9761694669723511,0.9766391515731812,0.18560252197299576
1414,0.030956385657191277,1.0,0.977493405342102,0.9776774048805237,0.32665771562446083
1415,0.022253932431340218,1.0,0.9766107797622681,0.97840416431427,0.25084234116007065
1416,0.02586001716554165,1.0,0.977493405342102,0.9792867302894592,0.28763060045262157
1417,0.03755759820342064,1.0,0.977934718132019,0.97965008020401,0.42778171632695455
1418,0.027868177741765976,0.9982348084449768,0.9752868413925171,0.9777812361717224,0.3326356565366365
1419,0.05269947648048401,0.9982348084449768,0.9735216498374939,0.9752374887466431,0.4118470110574027
1420,0.03510943800210953,1.0,0.9726390242576599,0.9749779105186462,0.30100075231716344
1421,0.07533277571201324,1.0,0.9761694669723511,0.9754451513290405,0.9629114883227406
1422,0.027982072904706,1.0,0.9766107797622681,0.9746145606040955,0.3199914983451773
1423,0.049289580434560776,1.0,0.9677846431732178,0.9734205603599548,0.6261519039668121
1424,0.06115340068936348,1.0,0.9721977114677429,0.9760161638259888,0.7493184124427116
1425,0.04035705700516701,0.9982348084449768,0.9761694669723511,0.9743549823760986,0.43355313763452935
1426,0.046751752495765686,0.999117374420166,0.9744042158126831,0.9747703075408936,0.7117908477181125
1427,0.03529993072152138,0.999117374420166,0.9757281541824341,0.9752894043922424,0.34758085282620055
1428,0.05213891342282295,1.0,0.9739629626274109,0.9766910672187805,0.5515763384825613
1429,0.03933059424161911,1.0,0.9699912071228027,0.9749779105186462,0.24243198645774514
1430,0.03527658432722092,1.0,0.9686672687530518,0.9719669818878174,0.23286276873568684
1431,0.04252762347459793,1.0,0.9699912071228027,0.9720188975334167,0.41512591447691205
1432,0.0498276986181736,1.0,0.9713150858879089,0.9741473197937012,0.34990615551239684
1433,0.04171380400657654,1.0,0.9713150858879089,0.9745107293128967,0.2651285099045877
1434,0.03143780678510666,1.0,0.9752868413925171,0.9778331518173218,0.5085038580894305
1435,0.04281039908528328,1.0,0.978376030921936,0.9781965613365173,0.28393596442111735
1436,0.042036037892103195,1.0,0.9757281541824341,0.9783522486686707,0.3254291170716649
1437,0.022240417078137398,1.0,0.9752868413925171,0.9780927300453186,0.3479870720791026
1438,0.027029473334550858,1.0,0.9739629626274109,0.9766391515731812,0.3587576517949662
1439,0.012400644831359386,1.0,0.9730803370475769,0.9733686447143555,0.18285856008901574
1440,0.031546659767627716,1.0,0.9726390242576599,0.9728494882583618,0.3106120788166956
1441,0.02242172323167324,1.0,0.9744042158126831,0.9737839102745056,0.3367289658539845
1442,0.037130799144506454,1.0,0.9721977114677429,0.9739915728569031,0.3369793132712145
1443,0.029099365696310997,1.0,0.9726390242576599,0.9760161638259888,0.4227235577099907
1444,0.036559998989105225,1.0,0.9761694669723511,0.9767429828643799,0.2727949582101552
1445,0.03199917450547218,1.0,0.977934718132019,0.9769506454467773,0.21569154874683505
1446,0.01879797875881195,1.0,0.9770520925521851,0.9773659110069275,0.2108249068783179
1447,0.031243575736880302,1.0,0.9792585968971252,0.977573573589325,0.2507656897658743
1448,0.019704217091202736,1.0,0.9796999096870422,0.9769506454467773,0.18677162286018847
1449,0.020322805270552635,1.0,0.9788172841072083,0.9763795733451843,0.23127551526906115
1450,0.023309018462896347,1.0,0.9766107797622681,0.975652813911438,0.2349606734715275
1451,0.02774786949157715,1.0,0.978376030921936,0.9758604764938354,0.3651228508606697
1452,0.041694607585668564,1.0,0.977934718132019,0.9759643077850342,0.401994492918565
1453,0.03345770761370659,1.0,0.977934718132019,0.9761199951171875,0.30487477149171804
1454,0.025877464562654495,1.0,0.9796999096870422,0.9756008982658386,0.21003553460918734
1455,0.034925010055303574,1.0,0.977934718132019,0.9765872359275818,0.31150335630603
1456,0.01545040961354971,1.0,0.977934718132019,0.9773139953613281,0.17192553220664097
1457,0.03160618245601654,1.0,0.9766107797622681,0.9770025610923767,0.1801920125829507
1458,0.02816498465836048,1.0,0.9770520925521851,0.9774697422981262,0.24145808729706378
1459,0.0260605625808239,1.0,0.9766107797622681,0.9776774048805237,0.21529670784062324
1460,0.021058160811662674,1.0,0.9752868413925171,0.9778331518173218,0.24013018772553907
1461,0.01900516264140606,1.0,0.9748455286026001,0.9776254892349243,0.17081316093847781
1462,0.028847282752394676,1.0,0.977934718132019,0.9780408143997192,0.2393407559664337
1463,0.01683029904961586,1.0,0.9788172841072083,0.9778850674629211,0.15521282839742392
1464,0.034902993589639664,1.0,0.9796999096870422,0.9787156581878662,0.3490773981902101
1465,0.029977453872561455,1.0,0.9801412224769592,0.9791309833526611,0.1801602771311421
1466,0.023829003795981407,1.0,0.9810238480567932,0.9788714051246643,0.24361945912501307
1467,0.0340261310338974,1.0,0.9810238480567932,0.978975236415863,0.26775870241894417
1468,0.021570483222603798,1.0,0.9801412224769592,0.9788194894790649,0.24643948846013705
1469,0.02448424883186817,1.0,0.978376030921936,0.9780408143997192,0.23108009586454703
1470,0.02175690047442913,1.0,0.9766107797622681,0.9772101640701294,0.4165763811577253
1471,0.019390977919101715,1.0,0.9752868413925171,0.9754451513290405,0.24156031075648593
1472,0.03047034703195095,1.0,0.9721977114677429,0.9733167290687561,0.2862170975586996
1473,0.027989843860268593,1.0,0.9721977114677429,0.9720708131790161,0.2286997382137281
1474,0.0419432707130909,1.0,0.9726390242576599,0.974406898021698,0.6593352029391559
1475,0.018356094136834145,0.9938217401504517,0.9726390242576599,0.9700981378555298,0.2608360103598295
1476,0.01873623952269554,0.9947043061256409,0.9735216498374939,0.9713959097862244,0.4885427256626221
1477,0.0395280085504055,1.0,0.9770520925521851,0.9773659110069275,0.7487776805758328
1478,0.022801224142313004,0.9973521828651428,0.9735216498374939,0.9730052351951599,0.32106188398528235
1479,0.058594901114702225,0.9973521828651428,0.9757281541824341,0.975081741809845,1.8588717061628472
1480,0.03446011245250702,0.9823477864265442,0.9598411321640015,0.9615843892097473,0.44087966609786855
1481,0.11466873437166214,0.9849956035614014,0.9598411321640015,0.9630898833274841,1.118235758251255
1482,0.059860970824956894,1.0,0.9708737730979919,0.9734205603599548,0.933540375998587
1483,0.04683844745159149,0.9885260462760925,0.9616063833236694,0.9649587273597717,0.5559351670155335
1484,0.06837295740842819,1.0,0.9708737730979919,0.9700981378555298,1.1684560836030151
1485,0.0549568273127079,1.0,0.9735216498374939,0.9717593193054199,0.51459525385079
1486,0.03255263343453407,1.0,0.9744042158126831,0.9718112349510193,0.29414914560396455
1487,0.03245755657553673,1.0,0.9748455286026001,0.9729533195495605,0.4790610133422969
1488,0.03838071599602699,0.999117374420166,0.9757281541824341,0.9764834046363831,0.4443540002058412
1489,0.036772504448890686,0.9955869317054749,0.9677846431732178,0.9667237401008606,0.24387645294614235
1490,0.11040495336055756,0.9955869317054749,0.9655781388282776,0.9664642214775085,1.5689490862745428
1491,0.09175136685371399,1.0,0.9752868413925171,0.9752894043922424,1.5692787743064012
1492,0.038414791226387024,0.999117374420166,0.9708737730979919,0.969994306564331,0.6237068189451738
1493,0.03558112308382988,0.9964695572853088,0.9673433303833008,0.9667237401008606,0.6534421765289536
1494,0.09919049590826035,1.0,0.9796999096870422,0.9778331518173218,1.6214680474767549
1495,0.043563298881053925,0.9894086718559265,0.9554280638694763,0.9595078825950623,0.3505499551498555
1496,0.11107274144887924,1.0,0.9744042158126831,0.9734205603599548,1.7058306038096254
1497,0.04836874455213547,1.0,0.9669020175933838,0.9666718244552612,0.4504215598832982
1498,0.04740069806575775,0.9938217401504517,0.9593998193740845,0.9601308107376099,0.4853315923744384
1499,0.07825176417827606,0.9911738634109497,0.9611650705337524,0.9617920517921448,0.7547850218112067
1500,0.05237330496311188,0.9982348084449768,0.9682259559631348,0.9702019095420837,0.5757008598103268
1501,0.05004188045859337,1.0,0.970432460308075,0.9714997410774231,0.47872235999991597
1502,0.045990556478500366,1.0,0.9730803370475769,0.9720188975334167,0.41139643364599265
1503,0.05321817845106125,1.0,0.9739629626274109,0.9763795733451843,0.5742895516068752
1504,0.03146601840853691,1.0,0.9717563986778259,0.9743030667304993,0.3266643290607792
1505,0.03659312427043915,0.999117374420166,0.9721977114677429,0.9734205603599548,0.49623927909777565
1506,0.03574381768703461,0.999117374420166,0.970432460308075,0.9745107293128967,0.39937162447087127
1507,0.037005964666604996,1.0,0.9686672687530518,0.973160982131958,0.49192711861604493
1508,0.028236767277121544,1.0,0.9655781388282776,0.9711883068084717,0.20394305954523342
1509,0.030459297820925713,1.0,0.9651368260383606,0.9705134034156799,0.31380278267014655
1510,0.0560353547334671,1.0,0.9660194516181946,0.9717593193054199,0.49283077477216375
1511,0.03672206774353981,1.0,0.9695498943328857,0.9726418256759644,0.33976371846126474
1512,0.04244069755077362,0.9982348084449768,0.970432460308075,0.9713959097862244,0.33909175888666254
1513,0.03139062225818634,0.9982348084449768,0.9748455286026001,0.9745107293128967,0.3700155272037354
1514,0.02545909397304058,1.0,0.9766107797622681,0.9765872359275818,0.29798725611508775
1515,0.04259570688009262,1.0,0.9761694669723511,0.9772620797157288,0.3074930905164197
1516,0.04292619228363037,1.0,0.9748455286026001,0.9770025610923767,0.44787835699332196
1517,0.0368410162627697,1.0,0.9748455286026001,0.9778331518173218,0.2573414896800975
1518,0.025717154145240784,0.999117374420166,0.9766107797622681,0.9784560799598694,0.1809665168212614
1519,0.022686772048473358,0.999117374420166,0.9770520925521851,0.9783003330230713,0.19221293976273085
1520,0.04718424379825592,0.999117374420166,0.9766107797622681,0.9772620797157288,0.32040685885812253
1521,0.04125334694981575,0.999117374420166,0.978376030921936,0.9776254892349243,0.294152311732231
1522,0.02352590300142765,1.0,0.9792585968971252,0.9778850674629211,0.22330107415929942
1523,0.027014343068003654,1.0,0.977934718132019,0.9772101640701294,0.19465060971054354
1524,0.023209907114505768,1.0,0.977493405342102,0.9773659110069275,0.18367720854929173
1525,0.027053266763687134,1.0,0.9761694669723511,0.9776254892349243,0.26637888256151027
1526,0.030917592346668243,1.0,0.9761694669723511,0.9775216579437256,0.22304055549829402
1527,0.01946079358458519,1.0,0.9748455286026001,0.977729320526123,0.21695821403257426
1528,0.04708949103951454,1.0,0.9757281541824341,0.9780927300453186,0.5443487877003145
1529,0.011103596538305283,1.0,0.9757281541824341,0.9787156581878662,0.10295092458803583
1530,0.019993454217910767,1.0,0.9757281541824341,0.97715824842453,0.2637377626742339
1531,0.025537293404340744,1.0,0.9748455286026001,0.9751336574554443,0.2806524617565554
1532,0.027396271005272865,1.0,0.9770520925521851,0.9786118268966675,0.44602799414460503
1533,0.04215946048498154,1.0,0.9761694669723511,0.9770025610923767,0.49485461580597034
1534,0.014428836293518543,1.0,0.9713150858879089,0.9723303914070129,0.15843832184745368
1535,0.03174940496683121,1.0,0.9686672687530518,0.9705134034156799,0.517331852217669
1536,0.036655403673648834,1.0,0.9677846431732178,0.9700981378555298,0.3806289568162972
1537,0.04211396723985672,1.0,0.9730803370475769,0.9734724760055542,0.585171931250309
1538,0.041136421263217926,1.0,0.9730803370475769,0.974406898021698,0.25722810495762205
1539,0.041411224752664566,1.0,0.9757281541824341,0.9757566452026367,0.3689216802243039
1540,0.032819610089063644,1.0,0.9752868413925171,0.9762757420539856,0.30318385077122073
1541,0.047027457505464554,1.0,0.977934718132019,0.9764314889907837,0.4454574439346217
1542,0.031215859577059746,1.0,0.977934718132019,0.9764314889907837,0.33060180386806454
1543,0.04046086221933365,1.0,0.977493405342102,0.97715824842453,0.45344858020521017
1544,0.020525138825178146,1.0,0.977493405342102,0.9762757420539856,0.2119625883694386
1545,0.028128914535045624,1.0,0.9739629626274109,0.9726937413215637,0.25088714166122206
1546,0.04038243368268013,1.0,0.9735216498374939,0.9732128977775574,0.5272772976444358
1547,0.05207151174545288,1.0,0.9735216498374939,0.9740434885025024,0.8409259805081286
1548,0.025349479168653488,0.9982348084449768,0.9682259559631348,0.9698904752731323,0.2249225492992939
1549,0.05027594417333603,1.0,0.9695498943328857,0.971343994140625,0.9040762346132177
1550,0.026355013251304626,1.0,0.9695498943328857,0.969838559627533,0.26563182834538207
1551,0.03305332362651825,1.0,0.970432460308075,0.9714478254318237,0.46464117216737316
1552,0.023850372061133385,1.0,0.9739629626274109,0.9729533195495605,0.3000504865808587
1553,0.025587784126400948,1.0,0.9766107797622681,0.9771063923835754,0.539794960263517
1554,0.020256400108337402,1.0,0.9748455286026001,0.9751855731010437,0.26678922907599706
1555,0.045821987092494965,1.0,0.970432460308075,0.9707210659980774,0.29125990349505726
1556,0.04321872442960739,1.0,0.9677846431732178,0.967346727848053,0.5744430591232947
1557,0.03694995865225792,1.0,0.9726390242576599,0.9729533195495605,0.6401732475520718
1558,0.030671512708067894,1.0,0.9757281541824341,0.976327657699585,0.42939964329319585
1559,0.02500010095536709,1.0,0.9699912071228027,0.9731090664863586,0.30859020579917024
1560,0.02340095490217209,1.0,0.9660194516181946,0.9703057408332825,0.39314270476658275
1561,0.03337974473834038,1.0,0.9730803370475769,0.9743030667304993,0.4769494027666346
1562,0.037998270243406296,1.0,0.9766107797622681,0.9774697422981262,0.7474371653613857
1563,0.019946428015828133,1.0,0.977493405342102,0.9772620797157288,0.22970867703569284
1564,0.037673816084861755,1.0,0.977493405342102,0.9764834046363831,0.3521210525977244
1565,0.03598479554057121,1.0,0.9766107797622681,0.9772101640701294,0.28990775258624935
1566,0.03340567275881767,1.0,0.977934718132019,0.9765872359275818,0.3406084691606052
1567,0.024687323719263077,1.0,0.9757281541824341,0.9755489826202393,0.3386793964067105
1568,0.03826131299138069,1.0,0.9726390242576599,0.9730052351951599,0.23131161433241754
1569,0.018864456564188004,1.0,0.9721977114677429,0.9711363911628723,0.20504144774509026
1570,0.04237452521920204,1.0,0.9744042158126831,0.9731090664863586,0.5569712117159433
1571,0.02142820507287979,1.0,0.9752868413925171,0.9757047295570374,0.24081219203360776
1572,0.021327825263142586,1.0,0.9748455286026001,0.9752894043922424,0.4146623121842298
1573,0.03267598897218704,1.0,0.9721977114677429,0.9735763072967529,0.3163585227929066
1574,0.02354968525469303,1.0,0.9726390242576599,0.9722784757614136,0.33503528168340235
1575,0.018440037965774536,1.0,0.9739629626274109,0.9708768129348755,0.20816397908530182
1576,0.03789318725466728,1.0,0.9739629626274109,0.9716554880142212,0.3328727685149135
1577,0.020329073071479797,1.0,0.9739629626274109,0.9736282229423523,0.1962728491724121
1578,0.04525447264313698,1.0,0.9744042158126831,0.9753413200378418,0.4483221882907435
1579,0.031639184802770615,1.0,0.9748455286026001,0.9761719107627869,0.340806411904207
1580,0.029396837577223778,1.0,0.9770520925521851,0.9751336574554443,0.2229645361984902
1581,0.03737791255116463,1.0,0.9792585968971252,0.9755489826202393,0.31766421077799023
1582,0.06149362027645111,1.0,0.978376030921936,0.9778331518173218,0.5541515553362966
1583,0.042322102934122086,1.0,0.9766107797622681,0.9774697422981262,0.22849339216603803
1584,0.03136337175965309,1.0,0.9752868413925171,0.9770025610923767,0.2529325905991922
1585,0.047265902161598206,1.0,0.977493405342102,0.97840416431427,0.5931669326303937
1586,0.0339784175157547,1.0,0.9770520925521851,0.9754970669746399,0.19095987515294507
1587,0.05365769565105438,1.0,0.9739629626274109,0.9768468141555786,0.5560581162879678
1588,0.026124978438019753,1.0,0.9726390242576599,0.9743030667304993,0.2525823982830225
1589,0.023964297026395798,1.0,0.9721977114677429,0.9698904752731323,0.1617576597292632
1590,0.05132902413606644,1.0,0.970432460308075,0.9705134034156799,0.46152280540845275
1591,0.059477198868989944,1.0,0.9717563986778259,0.9748740792274475,0.42535148887189056
1592,0.0242155808955431,1.0,0.9730803370475769,0.974406898021698,0.19955439179893505
1593,0.032462529838085175,1.0,0.9761694669723511,0.9762238264083862,0.308702260712218
1594,0.02271975576877594,1.0,0.9766107797622681,0.9769506454467773,0.2702924692341836
1595,0.03591563552618027,1.0,0.977493405342102,0.9773139953613281,0.3078967173562006
1596,0.02869287319481373,1.0,0.9792585968971252,0.9788194894790649,0.34626760301238535
1597,0.025997569784522057,1.0,0.9788172841072083,0.9786118268966675,0.18711932412707583
1598,0.022690415382385254,1.0,0.9766107797622681,0.9768468141555786,0.24438664223743461
1599,0.034303080290555954,1.0,0.9766107797622681,0.9770544767379761,0.40699802225375176
1600,0.020171113312244415,1.0,0.977493405342102,0.9773659110069275,0.30066903070919215
1601,0.036510929465293884,1.0,0.9744042158126831,0.9760161638259888,0.834996259110229
1602,0.020855728536844254,0.9920564889907837,0.9669020175933838,0.9655816555023193,0.16721702180170475
1603,0.056295253336429596,1.0,0.9744042158126831,0.9758085608482361,1.093412173614406
1604,0.0194918941706419,1.0,0.9730803370475769,0.9739915728569031,0.2986628789510293
1605,0.03314443305134773,1.0,0.9713150858879089,0.9719669818878174,0.4443512353500491
1606,0.028369061648845673,1.0,0.9739629626274109,0.9740434885025024,0.7223232443344416
1607,0.039238668978214264,1.0,0.9748455286026001,0.9737319946289062,0.2478050087900883
1608,0.045597635209560394,0.9982348084449768,0.9766107797622681,0.9748740792274475,0.5022709266648955
1609,0.02154223807156086,0.9982348084449768,0.9796999096870422,0.9774697422981262,0.38254838378747924
1610,0.03231484442949295,0.9982348084449768,0.9788172841072083,0.9781965613365173,0.3253565862497376
1611,0.03248297795653343,1.0,0.9748455286026001,0.9767429828643799,0.30533882337804613
1612,0.03111868165433407,1.0,0.9757281541824341,0.9766910672187805,0.34284104634779544
1613,0.034323107451200485,1.0,0.977493405342102,0.9789233207702637,0.5207982538856633
1614,0.020390210673213005,1.0,0.9748455286026001,0.977729320526123,0.24956727511478527
1615,0.06196790188550949,1.0,0.9748455286026001,0.9760680794715881,0.8351125307406541
1616,0.031645432114601135,1.0,0.9699912071228027,0.9720188975334167,0.5796763645000408
1617,0.03657468035817146,1.0,0.9721977114677429,0.9739396572113037,0.6136287747391387
1618,0.024059420451521873,1.0,0.9752868413925171,0.9752374887466431,0.31252149000097906
1619,0.041029781103134155,1.0,0.9757281541824341,0.9761199951171875,0.6242929581677698
1620,0.03523525595664978,1.0,0.978376030921936,0.9766391515731812,0.28597744768475897
1621,0.03209727257490158,1.0,0.977934718132019,0.9763795733451843,0.24538120632877342
1622,0.04082529619336128,1.0,0.9788172841072083,0.9762757420539856,0.24970955889431515
1623,0.03197357431054115,1.0,0.9770520925521851,0.9766910672187805,0.20335252574188833
1624,0.03338463604450226,1.0,0.9757281541824341,0.9764314889907837,0.282667500501864
1625,0.031936969608068466,1.0,0.9761694669723511,0.9756008982658386,0.26357848197183165
1626,0.03179316222667694,1.0,0.9739629626274109,0.9752374887466431,0.2123513343029124
1627,0.024447139352560043,1.0,0.9726390242576599,0.9736282229423523,0.27421860865544484
1628,0.03653186932206154,1.0,0.9726390242576599,0.973835825920105,0.26970280504442434
1629,0.02828896977007389,1.0,0.9735216498374939,0.9734724760055542,0.39718985578844357
1630,0.03852882608771324,1.0,0.9708737730979919,0.9722784757614136,0.21863973195388503
1631,0.03709323704242706,1.0,0.9713150858879089,0.973835825920105,0.4598722761731463
1632,0.04661140590906143,1.0,0.9739629626274109,0.9756008982658386,0.2854359859409294
1633,0.043314073234796524,1.0,0.9757281541824341,0.9773139953613281,0.48693805602009604
1634,0.03557582199573517,1.0,0.9770520925521851,0.9770544767379761,0.5363829947115033
1635,0.0277707576751709,1.0,0.9744042158126831,0.9739396572113037,0.31204701817539693
1636,0.04797303304076195,1.0,0.970432460308075,0.9716035723686218,0.46617263673749804
1637,0.04696299135684967,1.0,0.9748455286026001,0.9743549823760986,0.6242179664175641
1638,0.020386608317494392,1.0,0.977493405342102,0.9747703075408936,0.1685219688623835
1639,0.050418414175510406,1.0,0.9752868413925171,0.9736800789833069,0.38675526739072197
1640,0.040223777294158936,1.0,0.9766107797622681,0.9730052351951599,0.3711958071264291
1641,0.03700485825538635,1.0,0.9721977114677429,0.9729533195495605,0.2951648444764506
1642,0.026703573763370514,1.0,0.9739629626274109,0.9755489826202393,0.37559845559844257
1643,0.04347129166126251,1.0,0.977934718132019,0.9772620797157288,0.5214243569451238
1644,0.032796572893857956,1.0,0.9730803370475769,0.9758604764938354,0.30967967339420466
1645,0.0376996211707592,1.0,0.9744042158126831,0.9753932356834412,0.41434841861298816
1646,0.027325982227921486,1.0,0.9757281541824341,0.9758085608482361,0.2883783701573941
1647,0.0348212905228138,1.0,0.9757281541824341,0.9765353202819824,0.529014423374572
1648,0.03596910089254379,1.0,0.9752868413925171,0.9769506454467773,0.3411861732520352
1649,0.023777050897479057,1.0,0.9744042158126831,0.9728494882583618,0.2735125906770167
1650,0.029577599838376045,1.0,0.9708737730979919,0.9721227288246155,0.32670006800868173
1651,0.035087887197732925,1.0,0.9726390242576599,0.9746145606040955,0.4099782292497732
1652,0.02067357301712036,1.0,0.9726390242576599,0.9756008982658386,0.17199632759006636
1653,0.0332808755338192,1.0,0.9757281541824341,0.9778331518173218,0.29958925923507607
1654,0.02567950263619423,1.0,0.9761694669723511,0.9791309833526611,0.4705094592309986
1655,0.023688264191150665,1.0,0.9744042158126831,0.9753413200378418,0.2892436282234857
1656,0.055075936019420624,1.0,0.9748455286026001,0.9751336574554443,0.47926817398139476
1657,0.029702479019761086,1.0,0.9739629626274109,0.9774178266525269,0.38034607725389863
1658,0.011869539506733418,1.0,0.9739629626274109,0.9766910672187805,0.1780860815010485
1659,0.02325296960771084,1.0,0.9726390242576599,0.9749779105186462,0.29629196025187954
1660,0.02028302103281021,1.0,0.9713150858879089,0.9743549823760986,0.176140336892145
1661,0.04120420664548874,1.0,0.9735216498374939,0.9737319946289062,0.4641272705651371
1662,0.022878769785165787,1.0,0.9748455286026001,0.9751336574554443,0.33427516442761107
1663,0.032229237258434296,1.0,0.977934718132019,0.97715824842453,0.3576575119906475
1664,0.0256019476801157,1.0,0.977493405342102,0.978144645690918,0.3329954766063192
1665,0.0392906479537487,1.0,0.978376030921936,0.9777812361717224,0.27395137023261096
1666,0.04159113019704819,1.0,0.977934718132019,0.9764834046363831,0.3556411776789989
1667,0.030849674716591835,1.0,0.9788172841072083,0.9789233207702637,0.6077001944103199
1668,0.020750515162944794,1.0,0.9788172841072083,0.9788714051246643,0.24066625840910033
1669,0.039419613778591156,1.0,0.9788172841072083,0.9800654053688049,0.565366518193582
1670,0.029073333367705345,1.0,0.9770520925521851,0.9786118268966675,0.3919794943458033
1671,0.026421623304486275,1.0,0.977493405342102,0.9767948985099792,0.20896022963099545
1672,0.02677588164806366,1.0,0.9744042158126831,0.9765872359275818,0.34669200578777915
1673,0.03491185978055,1.0,0.9757281541824341,0.9760161638259888,0.36643221550628663
1674,0.03200264275074005,0.999117374420166,0.9752868413925171,0.9751336574554443,0.16439890687089984
1675,0.02435857057571411,0.999117374420166,0.9757281541824341,0.9760161638259888,0.2964440229044447
1676,0.029895657673478127,1.0,0.9766107797622681,0.9767429828643799,0.2417116011303242
1677,0.037403300404548645,1.0,0.9744042158126831,0.9759123921394348,0.34543184748374595
1678,0.0367022342979908,1.0,0.9770520925521851,0.9761719107627869,0.28729262628292257
1679,0.025657352060079575,1.0,0.9761694669723511,0.9758604764938354,0.31357058636069857
1680,0.02922026440501213,1.0,0.9757281541824341,0.975652813911438,0.3465762888577389
1681,0.02558263950049877,1.0,0.9770520925521851,0.9753413200378418,0.18845064863187772
1682,0.035334013402462006,1.0,0.977934718132019,0.9762757420539856,0.4541949317366583
1683,0.04491247981786728,1.0,0.977934718132019,0.9743030667304993,0.42656929503972874
1684,0.025586264207959175,1.0,0.9748455286026001,0.9721746444702148,0.349912261266095
1685,0.03902225196361542,1.0,0.977493405342102,0.9766391515731812,0.43304068737311596
1686,0.04798462986946106,1.0,0.9788172841072083,0.97715824842453,0.5187420178962401
1687,0.0220174603164196,1.0,0.9752868413925171,0.9730052351951599,0.27373398632272883
1688,0.030581599101424217,1.0,0.9730803370475769,0.9720708131790161,0.28827014754557434
1689,0.040510986000299454,1.0,0.9730803370475769,0.9727975726127625,0.4240576909665645
1690,0.033435843884944916,1.0,0.9721977114677429,0.9717593193054199,0.34227545596412184
1691,0.031193334609270096,1.0,0.977493405342102,0.9769506454467773,0.49019740421275293
1692,0.033411018550395966,1.0,0.977934718132019,0.9785599112510681,0.25135515538231273
1693,0.030980749055743217,1.0,0.9788172841072083,0.9782484769821167,0.29878978758707186
1694,0.026518691331148148,1.0,0.978376030921936,0.9774697422981262,0.36981440920673564
1695,0.02597554586827755,1.0,0.9744042158126831,0.9764314889907837,0.19361103593339413
1696,0.02850092574954033,1.0,0.9699912071228027,0.9733686447143555,0.3088003522891667
1697,0.03714621067047119,1.0,0.970432460308075,0.9724342226982117,0.44182900373001244
1698,0.032163601368665695,1.0,0.9699912071228027,0.9717074036598206,0.24897199951484658
1699,0.030980916693806648,1.0,0.9730803370475769,0.9748221635818481,0.4701569537322279
1700,0.02795839123427868,1.0,0.9730803370475769,0.9758085608482361,0.23662642945127133
1701,0.019106104969978333,1.0,0.9766107797622681,0.9767429828643799,0.2323275203998127
1702,0.024888023734092712,1.0,0.9757281541824341,0.978144645690918,0.2700662572183041
1703,0.032022055238485336,1.0,0.9766107797622681,0.9785599112510681,0.3792578782426851
1704,0.014831590466201305,1.0,0.9744042158126831,0.9758604764938354,0.2497690633338199
1705,0.02112969011068344,1.0,0.9739629626274109,0.9761199951171875,0.3901850038141004
1706,0.030350161716341972,1.0,0.9708737730979919,0.9716035723686218,0.5142170706606493
1707,0.035380296409130096,1.0,0.9713150858879089,0.9726418256759644,0.6633907712605082
1708,0.025942081585526466,1.0,0.9708737730979919,0.9711363911628723,0.27042271526645284
1709,0.060055673122406006,1.0,0.9673433303833008,0.967346727848053,1.5338482444353307
1710,0.0682360827922821,1.0,0.9708737730979919,0.9693194031715393,1.2163307329352961
1711,0.05272723361849785,1.0,0.9766107797622681,0.9765353202819824,0.9198586294978994
1712,0.0460621640086174,1.0,0.9713150858879089,0.970669150352478,0.4668818643827226
1713,0.06654232740402222,1.0,0.9752868413925171,0.9754451513290405,1.4067226948076546
1714,0.04799208790063858,1.0,0.9708737730979919,0.9679696559906006,0.5505192997840642
1715,0.040527570992708206,0.9964695572853088,0.9536628723144531,0.953797459602356,0.696528747626992
1716,0.0830117017030716,1.0,0.9726390242576599,0.968177318572998,1.5845143033277433
1717,0.02827691286802292,0.999117374420166,0.970432460308075,0.9702538251876831,0.43305564595597473
1718,0.06369275599718094,1.0,0.9757281541824341,0.9754970669746399,0.7211793018857482
1719,0.047419045120477676,1.0,0.977493405342102,0.978144645690918,0.40416476604973156
1720,0.025773245841264725,1.0,0.9757281541824341,0.9761199951171875,0.27247532916477135
1721,0.03572841361165047,1.0,0.9721977114677429,0.975081741809845,0.41604319947197266
1722,0.0381002202630043,1.0,0.9744042158126831,0.9747183918952942,0.4190892287951435
1723,0.0391056090593338,1.0,0.9752868413925171,0.9751855731010437,0.2819895027533879
1724,0.02246798388659954,1.0,0.9730803370475769,0.9732648134231567,0.12725971154175966
1725,0.023342283442616463,0.999117374420166,0.9695498943328857,0.9709806442260742,0.2637535519915425
1726,0.031224343925714493,0.999117374420166,0.9717563986778259,0.9716554880142212,0.3891605969698219
1727,0.030814332887530327,1.0,0.9739629626274109,0.9743549823760986,0.31261302249440026
1728,0.033477459102869034,1.0,0.977493405342102,0.9770025610923767,0.3264552559703126
1729,0.030034111812710762,1.0,0.9792585968971252,0.9776774048805237,0.3885070117482899
1730,0.033687151968479156,1.0,0.9761694669723511,0.9772620797157288,0.36799210985123887
1731,0.024971812963485718,1.0,0.9761694669723511,0.9766391515731812,0.19606441552161144
1732,0.024066556245088577,1.0,0.9721977114677429,0.975081741809845,0.29646514928818374
1733,0.03862571343779564,1.0,0.9717563986778259,0.9753413200378418,0.3116166983396881
1734,0.030898014083504677,1.0,0.9796999096870422,0.9800134897232056,0.5166343837472664
1735,0.026452915742993355,1.0,0.9766107797622681,0.9787675738334656,0.2404932595051673
1736,0.03692128136754036,1.0,0.9748455286026001,0.9764314889907837,0.3366247621036674
1737,0.026199856773018837,1.0,0.9752868413925171,0.9759123921394348,0.36629333887786947
1738,0.026287924498319626,1.0,0.9752868413925171,0.974406898021698,0.17194588598570004
1739,0.028141126036643982,1.0,0.9744042158126831,0.973835825920105,0.3217562980997999
1740,0.01799025572836399,1.0,0.9748455286026001,0.9756008982658386,0.37425289164896114
1741,0.02810479886829853,1.0,0.9744042158126831,0.9740954041481018,0.27422255667228196
1742,0.04607144743204117,1.0,0.9770520925521851,0.9734205603599548,0.5471169690673549
1743,0.03425537049770355,1.0,0.9752868413925171,0.973835825920105,0.3303784747628368
1744,0.039293430745601654,1.0,0.9752868413925171,0.9741992354393005,0.29024358426813246
1745,0.0372479148209095,1.0,0.9766107797622681,0.9751855731010437,0.3193788578205915
1746,0.032075006514787674,1.0,0.9761694669723511,0.9767948985099792,0.3020557658438526
1747,0.04475324600934982,1.0,0.9788172841072083,0.9773659110069275,0.3483453822624698
1748,0.03665659576654434,1.0,0.977493405342102,0.9771063923835754,0.3654548512923186
1749,0.038913384079933167,1.0,0.9788172841072083,0.9795981645584106,0.518008390751626
1750,0.02551751397550106,1.0,0.9739629626274109,0.9765353202819824,0.2593542871982162
1751,0.029882321134209633,1.0,0.9721977114677429,0.9736282229423523,0.24323778189690606
1752,0.04458960145711899,1.0,0.9744042158126831,0.9763795733451843,0.4818746550532814
1753,0.042204175144433975,1.0,0.9757281541824341,0.9779369831085205,0.31768955247275915
1754,0.034073200076818466,1.0,0.9757281541824341,0.9783003330230713,0.4253892092126969
1755,0.03148028627038002,1.0,0.9766107797622681,0.977729320526123,0.4116046940325461
1756,0.03975628316402435,1.0,0.9757281541824341,0.9760680794715881,0.3686089312544366
1757,0.02388518489897251,1.0,0.9766107797622681,0.9765872359275818,0.40623537480448146
1758,0.03362593054771423,1.0,0.9792585968971252,0.97840416431427,0.4879623378349505
1759,0.029364584013819695,1.0,0.977934718132019,0.977729320526123,0.20743031983722443
1760,0.035939041525125504,1.0,0.9766107797622681,0.9779369831085205,0.3385824881076238
1761,0.01702294684946537,1.0,0.9761694669723511,0.9785079956054688,0.15241886916420552
1762,0.06493021547794342,1.0,0.9770520925521851,0.9766391515731812,0.7554677274363994
1763,0.05067099258303642,1.0,0.9757281541824341,0.9760680794715881,0.41177998447545555
1764,0.03395558148622513,1.0,0.9744042158126831,0.9738877415657043,0.5327936710838553
1765,0.032640960067510605,0.999117374420166,0.978376030921936,0.9760680794715881,0.5456610725876078
1766,0.048601701855659485,0.999117374420166,0.9739629626274109,0.9726418256759644,0.6223615851569779
1767,0.03598786145448685,0.9982348084449768,0.9699912071228027,0.9702538251876831,0.4901421818854617
1768,0.04483315721154213,0.9929391145706177,0.9708737730979919,0.9691117405891418,0.5576339679122626
1769,0.03951912000775337,1.0,0.9686672687530518,0.9724860787391663,0.7020843561838137
1770,0.04142388328909874,0.999117374420166,0.9695498943328857,0.9698904752731323,0.6208327722643057
1771,0.04543484002351761,1.0,0.9757281541824341,0.9755489826202393,0.7330547231740622
1772,0.042592670768499374,0.9982348084449768,0.9713150858879089,0.9716035723686218,0.4246002069352092
1773,0.06496241688728333,1.0,0.9766107797622681,0.9773139953613281,1.1462162019365416
1774,0.04102754220366478,0.9938217401504517,0.9598411321640015,0.9597154855728149,0.4724393171030374
1775,0.0752146914601326,1.0,0.9735216498374939,0.9700462222099304,1.6853430363382724
1776,0.06851434707641602,1.0,0.9629302620887756,0.9646991491317749,0.7235010033042616
1777,0.045411136001348495,1.0,0.9717563986778259,0.9723823070526123,0.915450739580317
1778,0.03635689988732338,1.0,0.9682259559631348,0.9698904752731323,0.29538339150525067
1779,0.10825928300619125,1.0,0.9744042158126831,0.977729320526123,1.1241389739490502
1780,0.030119674280285835,1.0,0.9761694669723511,0.9748221635818481,0.24354130327372248
1781,0.04260232299566269,0.999117374420166,0.9739629626274109,0.9703576564788818,0.39191624428527905
1782,0.09297875314950943,1.0,0.9726390242576599,0.9743549823760986,0.9280110625774506
1783,0.0425473153591156,1.0,0.9752868413925171,0.9754451513290405,0.5379889561950897
1784,0.034577250480651855,1.0,0.9735216498374939,0.9730052351951599,0.25894418306635075
1785,0.036406755447387695,0.999117374420166,0.9695498943328857,0.970669150352478,0.37799180933022936
1786,0.09199105203151703,0.999117374420166,0.9739629626274109,0.9746664762496948,1.004597104778157
1787,0.042991362512111664,0.999117374420166,0.977493405342102,0.9778850674629211,0.5411697652376425
1788,0.05894581228494644,0.999117374420166,0.9766107797622681,0.9776774048805237,0.7396704057491313
1789,0.02989819273352623,0.999117374420166,0.9699912071228027,0.9726418256759644,0.3586636315367382
1790,0.05088554695248604,1.0,0.9713150858879089,0.9721227288246155,0.5573930500880931
1791,0.0654030293226242,1.0,0.9752868413925171,0.9771063923835754,0.8230778711721712
1792,0.034274693578481674,1.0,0.9770520925521851,0.9751855731010437,0.3001808440676201
1793,0.03544430807232857,1.0,0.977493405342102,0.9754451513290405,0.43644537813418205
1794,0.04210041090846062,1.0,0.9739629626274109,0.9735763072967529,0.5423223273725089
1795,0.051814790815114975,1.0,0.9788172841072083,0.9775216579437256,0.8549882040771343
1796,0.025573795661330223,1.0,0.9739629626274109,0.9741992354393005,0.2482468364695731
1797,0.02672540210187435,0.999117374420166,0.9691085815429688,0.9679177403450012,0.24772366746731508
1798,0.05475437268614769,1.0,0.9713150858879089,0.9709287285804749,0.755859495412539
1799,0.05116691440343857,0.999117374420166,0.9739629626274109,0.973835825920105,0.46370517947716805
1800,0.043301865458488464,0.999117374420166,0.9726390242576599,0.9742511510848999,0.47246124964749964
1801,0.05438625067472458,1.0,0.9744042158126831,0.9758085608482361,0.46258342238899613
1802,0.04885008931159973,1.0,0.9735216498374939,0.9737839102745056,0.38800911324095766
1803,0.03997580334544182,1.0,0.977493405342102,0.9752894043922424,0.6635756468915414
1804,0.03454401344060898,1.0,0.9761694669723511,0.9736800789833069,0.2738394826017034
1805,0.04817269742488861,1.0,0.9792585968971252,0.9759643077850342,0.600146769707255
1806,0.034653957933187485,1.0,0.9757281541824341,0.9762757420539856,0.30379349590104
1807,0.03440997749567032,0.999117374420166,0.9757281541824341,0.9750298261642456,0.2942022098592699
1808,0.026422811672091484,1.0,0.9713150858879089,0.9740954041481018,0.26019599441152136
1809,0.03610622510313988,1.0,0.9691085815429688,0.9731090664863586,0.17920594998968187
1810,0.03424364700913429,1.0,0.9708737730979919,0.974406898021698,0.4378263972460059
1811,0.04699523001909256,1.0,0.9717563986778259,0.9758604764938354,0.2577697324484055
1812,0.020075548440217972,1.0,0.9730803370475769,0.9760680794715881,0.14722853008957965
1813,0.022427121177315712,1.0,0.9735216498374939,0.9760161638259888,0.22841675355006436
1814,0.058337435126304626,1.0,0.9739629626274109,0.9765353202819824,0.41799962999265916
1815,0.02966393530368805,1.0,0.9744042158126831,0.9762238264083862,0.31051697102692266
1816,0.02161836251616478,1.0,0.9748455286026001,0.9759643077850342,0.23931557412883278
1817,0.024692803621292114,1.0,0.9757281541824341,0.9764314889907837,0.3125170544112971
1818,0.024214420467615128,1.0,0.9748455286026001,0.9754451513290405,0.3193570157044473
1819,0.03192192688584328,1.0,0.9744042158126831,0.9749779105186462,0.4148186943256799
1820,0.024711985141038895,1.0,0.9735216498374939,0.9747703075408936,0.2119274532766699
1821,0.033847056329250336,1.0,0.9726390242576599,0.9753932356834412,0.4192784153161143
1822,0.022156838327646255,1.0,0.9717563986778259,0.9754970669746399,0.2146509418002693
1823,0.029843460768461227,1.0,0.9713150858879089,0.973835825920105,0.35573353003163916
1824,0.03351748362183571,1.0,0.9735216498374939,0.9764834046363831,0.4384089551749969
1825,0.04388423636555672,1.0,0.9752868413925171,0.9777812361717224,0.44048250273812534
1826,0.016402216628193855,1.0,0.9761694669723511,0.976898729801178,0.20190625871280127
1827,0.01788852922618389,1.0,0.9766107797622681,0.9762757420539856,0.19817131683766498
1828,0.04148770123720169,1.0,0.9757281541824341,0.9773659110069275,0.5921203789903622
1829,0.025153880938887596,0.999117374420166,0.9744042158126831,0.9763795733451843,0.1925467569654246
1830,0.0293332040309906,1.0,0.9739629626274109,0.9753932356834412,0.32983059109511903
1831,0.031848110258579254,1.0,0.9708737730979919,0.9747183918952942,0.22614879728876636
1832,0.02669934369623661,1.0,0.9721977114677429,0.9749779105186462,0.29606197633269804
1833,0.04118390753865242,1.0,0.9721977114677429,0.975081741809845,0.3524858867091064
1834,0.030957056209445,1.0,0.970432460308075,0.9736282229423523,0.23746848681249247
1835,0.022437773644924164,1.0,0.9699912071228027,0.9725379943847656,0.20966135731858604
1836,0.03429253771901131,1.0,0.9739629626274109,0.9757566452026367,0.4962319349840081
1837,0.024878956377506256,1.0,0.9739629626274109,0.9767948985099792,0.2428815592882731
1838,0.026778245344758034,1.0,0.9761694669723511,0.9767948985099792,0.2060756946873807
1839,0.029177485033869743,1.0,0.9805825352668762,0.9767429828643799,0.42267756433779924
1840,0.029667755588889122,1.0,0.977493405342102,0.9770025610923767,0.20022137159015493
1841,0.03622276335954666,1.0,0.9761694669723511,0.9766391515731812,0.344996392550759
1842,0.04170876368880272,1.0,0.9757281541824341,0.9773659110069275,0.4573365111750578
1843,0.02082063816487789,1.0,0.9744042158126831,0.9762757420539856,0.32092633933348225
1844,0.013078049756586552,1.0,0.9695498943328857,0.9729533195495605,0.17037646064065384
1845,0.020320098847150803,0.999117374420166,0.9691085815429688,0.9720188975334167,0.2495078984756489
1846,0.03420672193169594,1.0,0.9757281541824341,0.9750298261642456,0.38662615831137515
1847,0.02548481896519661,1.0,0.9770520925521851,0.9759643077850342,0.22896737642820755
1848,0.021024921908974648,1.0,0.9770520925521851,0.9752894043922424,0.25604081028112513
1849,0.01861196756362915,1.0,0.977493405342102,0.9764834046363831,0.23042171319203378
1850,0.031604088842868805,1.0,0.978376030921936,0.9780927300453186,0.30895978779902855
1851,0.023832637816667557,1.0,0.977934718132019,0.9787156581878662,0.21126027788303625
1852,0.02371542528271675,1.0,0.9796999096870422,0.9788714051246643,0.1735737554219612
1853,0.022877270355820656,1.0,0.9788172841072083,0.9791828989982605,0.38052838789931415
1854,0.021213708445429802,1.0,0.9792585968971252,0.97715824842453,0.2269397524333337
1855,0.031117822974920273,1.0,0.978376030921936,0.9773139953613281,0.3210053410330904
1856,0.0326920747756958,1.0,0.9796999096870422,0.9773139953613281,0.33117706323123863
1857,0.021658817306160927,1.0,0.977934718132019,0.9778331518173218,0.37257980318180445
1858,0.034733615815639496,1.0,0.977934718132019,0.977729320526123,0.3629404104161413
1859,0.0174309853464365,1.0,0.977493405342102,0.9773659110069275,0.250730548928431
1860,0.026731031015515327,1.0,0.9739629626274109,0.9768468141555786,0.19500053151221805
1861,0.02346990443766117,1.0,0.9744042158126831,0.9770544767379761,0.3858374479243608
1862,0.036439090967178345,1.0,0.9796999096870422,0.9778331518173218,0.543678440747335
1863,0.025701861828565598,0.999117374420166,0.9805825352668762,0.9766910672187805,0.2793029618235626
1864,0.040067218244075775,0.9964695572853088,0.9801412224769592,0.9757047295570374,0.34575057071409226
1865,0.05561864376068115,1.0,0.9766107797622681,0.9764834046363831,0.5610965465702006
1866,0.06187260523438454,1.0,0.9717563986778259,0.9733167290687561,0.6098010329939473
1867,0.022721825167536736,0.9973521828651428,0.9655781388282776,0.9669833183288574,0.34816837048392846
1868,0.05113396793603897,0.9982348084449768,0.9673433303833008,0.9690598249435425,0.6396664829895948
1869,0.04305737465620041,1.0,0.9686672687530518,0.9722784757614136,0.4251899591067518
1870,0.05157628282904625,1.0,0.9744042158126831,0.9763795733451843,0.5627375427529573
1871,0.037746068090200424,1.0,0.9792585968971252,0.9777812361717224,0.5048901824034544
1872,0.028554998338222504,0.999117374420166,0.9805825352668762,0.9767429828643799,0.2398961661176985
1873,0.022897880524396896,1.0,0.978376030921936,0.9757566452026367,0.2859277763628547
1874,0.04715079069137573,1.0,0.9744042158126831,0.9745626449584961,0.43225551841762005
1875,0.04673251137137413,1.0,0.970432460308075,0.974406898021698,0.39748867927211734
1876,0.043780237436294556,0.999117374420166,0.9730803370475769,0.9750298261642456,0.4363646954812384
1877,0.0391533300280571,0.999117374420166,0.9717563986778259,0.9737839102745056,0.2543584955305701
1878,0.03844711557030678,1.0,0.9730803370475769,0.9731090664863586,0.5116338596456302
1879,0.03483127802610397,1.0,0.9726390242576599,0.9723823070526123,0.2737996253314882
1880,0.03883777931332588,1.0,0.9735216498374939,0.9735763072967529,0.41351066802815123
1881,0.036593955010175705,1.0,0.9752868413925171,0.9745626449584961,0.38398985971862043
1882,0.025469910353422165,1.0,0.9752868413925171,0.9739915728569031,0.1578071453444739
1883,0.03428111597895622,1.0,0.9757281541824341,0.9746664762496948,0.43432921652587125
1884,0.029611030593514442,1.0,0.9766107797622681,0.9761199951171875,0.3451984109347656
1885,0.031630661338567734,1.0,0.9801412224769592,0.9767429828643799,0.45527970919173766
1886,0.03233332186937332,1.0,0.9814651608467102,0.9767429828643799,0.3464308320798114
1887,0.026050878688693047,1.0,0.9792585968971252,0.9768468141555786,0.2311728801871927
1888,0.040295522660017014,1.0,0.9801412224769592,0.977573573589325,0.3240022316461127
1889,0.04952866584062576,1.0,0.9761694669723511,0.9753413200378418,0.564778212452719
1890,0.028522804379463196,1.0,0.9713150858879089,0.9733167290687561,0.24984294440389954
1891,0.04086294397711754,1.0,0.9677846431732178,0.9709287285804749,0.43903412086768245
1892,0.050566550344228745,1.0,0.9664607048034668,0.9703576564788818,0.42649301175478427
1893,0.04073205962777138,1.0,0.9713150858879089,0.9738877415657043,0.42630191944298207
1894,0.044978562742471695,1.0,0.9744042158126831,0.9759123921394348,0.41950594297793936
1895,0.04671614244580269,1.0,0.9721977114677429,0.973160982131958,0.3100866811432024
1896,0.046316396445035934,1.0,0.970432460308075,0.971915066242218,0.42585267228688906
1897,0.04128609225153923,1.0,0.9752868413925171,0.9733686447143555,0.6108280609272859
1898,0.04343586787581444,1.0,0.9726390242576599,0.9721227288246155,0.3928903596782315
1899,0.06155194714665413,1.0,0.9726390242576599,0.975081741809845,0.7305458988594474
1900,0.045123081654310226,1.0,0.9726390242576599,0.9744588136672974,0.4841399555035147
1901,0.03270762413740158,1.0,0.9669020175933838,0.9686445593833923,0.1896572191059339
1902,0.051177769899368286,1.0,0.9735216498374939,0.9735763072967529,0.7334629452621511
1903,0.02968330681324005,1.0,0.9717563986778259,0.9731090664863586,0.30229081661356
1904,0.03510125353932381,0.999117374420166,0.9691085815429688,0.9717593193054199,0.32485099789887695
1905,0.048235781490802765,1.0,0.9726390242576599,0.972589910030365,0.5536178109983712
1906,0.0446389764547348,1.0,0.9721977114677429,0.973160982131958,0.43362399504273313
1907,0.0324978269636631,1.0,0.9708737730979919,0.9721227288246155,0.17794216845408561
1908,0.032195866107940674,1.0,0.9713150858879089,0.9722784757614136,0.44058180025419513
1909,0.03037053905427456,1.0,0.9708737730979919,0.9743549823760986,0.2919038594541264
1910,0.027759024873375893,1.0,0.9717563986778259,0.9745626449584961,0.34241460634016224
1911,0.054381001740694046,1.0,0.9726390242576599,0.9747183918952942,0.36806762828037953
1912,0.047172509133815765,1.0,0.9752868413925171,0.9759123921394348,0.4554557455550014
1913,0.039791010320186615,1.0,0.9788172841072083,0.9770544767379761,0.43032599176638575
1914,0.03070557862520218,1.0,0.9788172841072083,0.9767429828643799,0.3682703412881716
1915,0.03712304309010506,0.9982348084449768,0.9766107797622681,0.9746664762496948,0.3266253212160085
1916,0.03979738801717758,1.0,0.977493405342102,0.9748740792274475,0.4760454655371623
1917,0.03874189779162407,1.0,0.9761694669723511,0.9748221635818481,0.5456451872490836
1918,0.026739904657006264,1.0,0.9748455286026001,0.975652813911438,0.3160456979767282
1919,0.03361569717526436,1.0,0.9796999096870422,0.9775216579437256,0.49838588049208893
1920,0.04850713163614273,0.999117374420166,0.9766107797622681,0.9752894043922424,0.8750224167054308
1921,0.03808383271098137,0.9894086718559265,0.9660194516181946,0.9664642214775085,0.46661327884715637
1922,0.03345506265759468,0.9982348084449768,0.9708737730979919,0.9712921380996704,0.7378265943326463
1923,0.0439540259540081,1.0,0.970432460308075,0.9727975726127625,0.3632566122275269
1924,0.02570340223610401,1.0,0.970432460308075,0.9716035723686218,0.19852193975033627
1925,0.025465164333581924,1.0,0.9721977114677429,0.9741992354393005,0.4135211254119115
1926,0.051920343190431595,1.0,0.977934718132019,0.9773659110069275,0.8962996474473152
1927,0.030826514586806297,1.0,0.977493405342102,0.9761199951171875,0.3568990188741493
1928,0.07175960391759872,0.9982348084449768,0.9766107797622681,0.9744588136672974,0.6845113344210491
1929,0.03506851568818092,1.0,0.9730803370475769,0.9742511510848999,0.41206975901649207
1930,0.029160158708691597,1.0,0.9748455286026001,0.9738877415657043,0.4538009033414468
1931,0.023342298343777657,1.0,0.9766107797622681,0.9741473197937012,0.2874508915140842
1932,0.03882407769560814,1.0,0.977493405342102,0.9754970669746399,0.38612663384820134
1933,0.022702960297465324,1.0,0.977493405342102,0.9767429828643799,0.32398401468410754
1934,0.03318900242447853,1.0,0.9752868413925171,0.9760161638259888,0.22257401597437784
1935,0.04056680202484131,1.0,0.9744042158126831,0.9749259948730469,0.30811743319372153
1936,0.024030016735196114,1.0,0.9744042158126831,0.9737319946289062,0.3928284732802359
1937,0.03993818908929825,1.0,0.970432460308075,0.9717593193054199,0.543983955641954
1938,0.04239929839968681,1.0,0.9699912071228027,0.9729533195495605,0.5347904999540947
1939,0.030339522287249565,1.0,0.9713150858879089,0.9727975726127625,0.2720304047860157
1940,0.01797998882830143,1.0,0.9726390242576599,0.9727456569671631,0.2360369509394628
1941,0.0259170513600111,1.0,0.970432460308075,0.9714478254318237,0.23857414309624977
1942,0.02991355024278164,1.0,0.970432460308075,0.9718631505966187,0.2841783599589773
1943,0.04365776479244232,1.0,0.9730803370475769,0.9746664762496948,0.3765670380262328
1944,0.02973836287856102,1.0,0.9748455286026001,0.9773139953613281,0.32129732883547757
1945,0.029136452823877335,1.0,0.977934718132019,0.9781965613365173,0.27377734070141596
1946,0.038377173244953156,1.0,0.978376030921936,0.9783003330230713,0.3750700704907853
1947,0.045717183500528336,1.0,0.9796999096870422,0.9789233207702637,0.4951483502516048
1948,0.02555428445339203,1.0,0.9792585968971252,0.9787675738334656,0.22437363049120834
1949,0.030169561505317688,1.0,0.9770520925521851,0.97840416431427,0.36577117840893736
1950,0.027878722175955772,1.0,0.9748455286026001,0.975652813911438,0.24670108650313752
1951,0.01838281750679016,1.0,0.9721977114677429,0.9732648134231567,0.1873669655291592
1952,0.04520615190267563,1.0,0.9721977114677429,0.9736282229423523,0.45007560132167934
1953,0.023499302566051483,1.0,0.9735216498374939,0.9751855731010437,0.300938173458097
1954,0.026218002662062645,1.0,0.9744042158126831,0.975652813911438,0.2833454189493923
1955,0.022440871223807335,1.0,0.9748455286026001,0.9759643077850342,0.20478234302841042
1956,0.02632301114499569,1.0,0.9748455286026001,0.9759643077850342,0.26710509021293743
1957,0.04571098834276199,1.0,0.9770520925521851,0.9767429828643799,0.37356750303522074
1958,0.025440318509936333,1.0,0.9752868413925171,0.9760161638259888,0.3039781991859446
1959,0.015219436958432198,1.0,0.9739629626274109,0.9750298261642456,0.19221469465494806
1960,0.030768534168601036,1.0,0.9735216498374939,0.9758604764938354,0.3315678214630715
1961,0.02325124479830265,1.0,0.9730803370475769,0.9738877415657043,0.20916911490494786
1962,0.030059201642870903,1.0,0.9735216498374939,0.9740434885025024,0.3604967209102011
1963,0.035769663751125336,1.0,0.977934718132019,0.9776774048805237,0.3765634027546217
1964,0.02651519887149334,1.0,0.977493405342102,0.9785599112510681,0.28040513290219443
1965,0.03320469334721565,1.0,0.9761694669723511,0.977573573589325,0.24630557747163828
1966,0.013182136230170727,1.0,0.9748455286026001,0.9776774048805237,0.1822371809735057
1967,0.02882455661892891,1.0,0.9766107797622681,0.9774697422981262,0.3241544008882431
1968,0.04114991053938866,1.0,0.9748455286026001,0.9764834046363831,0.25592565494165026
1969,0.018836241215467453,1.0,0.9717563986778259,0.9741473197937012,0.32378433029262094
1970,0.044329993426799774,1.0,0.9752868413925171,0.97715824842453,0.7572158306547419
1971,0.024025296792387962,1.0,0.9761694669723511,0.9760161638259888,0.20387803872154453
1972,0.021119888871908188,1.0,0.9748455286026001,0.9735763072967529,0.27057833992943203
1973,0.02428446337580681,1.0,0.9726390242576599,0.973160982131958,0.2581041092722704
1974,0.059677716344594955,1.0,0.9726390242576599,0.9762757420539856,0.4040282530423372
1975,0.034873493015766144,1.0,0.9748455286026001,0.977729320526123,0.44113911219780394
1976,0.019174829125404358,1.0,0.9752868413925171,0.9769506454467773,0.15050137411850206
1977,0.02843279391527176,1.0,0.9748455286026001,0.9766391515731812,0.3694383841184818
1978,0.029383229091763496,1.0,0.9761694669723511,0.9766910672187805,0.43279769461956247
1979,0.02818799950182438,1.0,0.9730803370475769,0.9767429828643799,0.4401582889435193
1980,0.0455927848815918,1.0,0.9770520925521851,0.9785599112510681,0.4400947074159892
1981,0.026027163490653038,1.0,0.9788172841072083,0.9792348146438599,0.25343484408336
1982,0.024235418066382408,1.0,0.977493405342102,0.9788714051246643,0.31516115229724806
1983,0.037675097584724426,1.0,0.9770520925521851,0.9794424772262573,0.5290465223868733
1984,0.03728665038943291,1.0,0.9766107797622681,0.9767429828643799,0.23237855067253502
1985,0.03449579328298569,1.0,0.9757281541824341,0.9735763072967529,0.3106874606450498
1986,0.02857482247054577,1.0,0.9752868413925171,0.9754451513290405,0.4791630540953829
1987,0.03810443356633186,1.0,0.9757281541824341,0.9767429828643799,0.43300947364257336
1988,0.02091389149427414,1.0,0.9717563986778259,0.9721746444702148,0.22229524633953235
1989,0.045118484646081924,0.999117374420166,0.9766107797622681,0.9733686447143555,0.5569496718200297
1990,0.025608647614717484,1.0,0.977493405342102,0.9769506454467773,0.3950388263895458
1991,0.03117666207253933,1.0,0.977934718132019,0.9771063923835754,0.2597612207172004
1992,0.021276766434311867,1.0,0.977934718132019,0.9766910672187805,0.2484658220076367
1993,0.02002415992319584,1.0,0.9788172841072083,0.9776254892349243,0.22208769801516293
1994,0.033000264316797256,1.0,0.977934718132019,0.9784560799598694,0.2606274591828309
1995,0.017340507358312607,1.0,0.9770520925521851,0.9781965613365173,0.13930616892070996
1996,0.03991129249334335,1.0,0.9805825352668762,0.9790790677070618,0.42894413188237285
1997,0.02678878977894783,1.0,0.9792585968971252,0.9790271520614624,0.3018350718425516
1998,0.018018636852502823,0.9982348084449768,0.978376030921936,0.9770025610923767,0.17981832275123283
1999,0.014618149027228355,1.0,0.9744042158126831,0.9745107293128967,0.3189574331641559
2000,0.0248030386865139,1.0,0.9757281541824341,0.9761719107627869,0.40675950710288233
2001,0.020251501351594925,1.0,0.977493405342102,0.9772101640701294,0.21479468645617103
2002,0.012791231274604797,1.0,0.9730803370475769,0.9746145606040955,0.15105511338324712
2003,0.021901264786720276,1.0,0.9735216498374939,0.9755489826202393,0.3978556769770938
2004,0.01304303016513586,1.0,0.9717563986778259,0.9748221635818481,0.19938462916020375
2005,0.019618839025497437,1.0,0.9686672687530518,0.9744588136672974,0.1615938142672908
2006,0.02314125932753086,1.0,0.9682259559631348,0.9740954041481018,0.275664746985151
2007,0.020620422437787056,1.0,0.9713150858879089,0.9758085608482361,0.3316372543408671
2008,0.028204334899783134,1.0,0.9744042158126831,0.9783522486686707,0.32192667474363995
2009,0.0554325208067894,1.0,0.977493405342102,0.9803768992424011,0.48484310073365394
2010,0.014294379390776157,1.0,0.9796999096870422,0.9790271520614624,0.14729863349028902
2011,0.01958583854138851,1.0,0.9766107797622681,0.9771063923835754,0.2599869303311872
2012,0.04892196133732796,1.0,0.9677846431732178,0.9748221635818481,0.41746416687508286
2013,0.04288550466299057,1.0,0.9660194516181946,0.9717074036598206,0.3648222266089192
2014,0.03191035985946655,1.0,0.9642542004585266,0.9708248972892761,0.41421836035186593
2015,0.0368412621319294,1.0,0.9660194516181946,0.9695789813995361,0.38240399640099576
2016,0.03935714438557625,1.0,0.9655781388282776,0.9695270657539368,0.39897601962234214
2017,0.03897688537836075,1.0,0.9691085815429688,0.9726418256759644,0.45947830928189004
2018,0.04151076078414917,1.0,0.9761694669723511,0.9757047295570374,0.4172713395042698
2019,0.04202980920672417,1.0,0.9761694669723511,0.9765353202819824,0.29903269465832866
2020,0.0591135248541832,1.0,0.9792585968971252,0.9784560799598694,0.7090968144745036
2021,0.03870033472776413,1.0,0.9761694669723511,0.9770544767379761,0.7652006914820351
2022,0.03312580659985542,0.9902912974357605,0.9664607048034668,0.9664123058319092,0.27275997508745403
2023,0.0707932859659195,1.0,0.9744042158126831,0.9751855731010437,1.0224596199490101
2024,0.048438966274261475,1.0,0.9752868413925171,0.9743030667304993,0.2824472736384265
2025,0.05407465994358063,1.0,0.977934718132019,0.9758085608482361,1.0484490184430024
2026,0.033912815153598785,0.9982348084449768,0.9748455286026001,0.9706172347068787,0.24281274024662727
2027,0.04387359693646431,0.9955869317054749,0.9713150858879089,0.9686964750289917,0.5079670871006019
2028,0.054703667759895325,1.0,0.9757281541824341,0.9743549823760986,0.6335847908909352
2029,0.05564263463020325,1.0,0.9739629626274109,0.9739396572113037,0.9075057531142222
2030,0.030760034918785095,0.9982348084449768,0.9673433303833008,0.9691636562347412,0.4075327858848734
2031,0.04649879038333893,0.999117374420166,0.9752868413925171,0.9717593193054199,0.6564252879751535
2032,0.06513047963380814,1.0,0.9735216498374939,0.9726418256759644,0.5275835461428814
2033,0.061246246099472046,0.999117374420166,0.970432460308075,0.9734724760055542,0.6569808395813047
2034,0.05756644904613495,1.0,0.9757281541824341,0.9763795733451843,0.8080679915866184
2035,0.040198277682065964,1.0,0.9721977114677429,0.9723823070526123,0.2977845614930889
2036,0.05915537476539612,0.9982348084449768,0.9744042158126831,0.9714478254318237,0.7281751914809516
2037,0.07093162089586258,1.0,0.9792585968971252,0.9773139953613281,0.7764313793860389
2038,0.015786943957209587,1.0,0.9766107797622681,0.9759123921394348,0.1416218544814483
2039,0.03836015239357948,1.0,0.9761694669723511,0.9748740792274475,0.36130980882885977
2040,0.05861315503716469,1.0,0.9735216498374939,0.9716035723686218,0.5815160357287976
2041,0.06731589138507843,0.9902912974357605,0.9655781388282776,0.9628303050994873,1.6464561070247608
2042,0.0942821204662323,0.9885260462760925,0.9651368260383606,0.9634013175964355,1.3616797347143021
2043,0.06565657258033752,1.0,0.9766107797622681,0.975652813911438,0.8579089401719034
2044,0.03221644461154938,0.9947043061256409,0.9691085815429688,0.9703576564788818,0.2939403075453453
2045,0.076678566634655,1.0,0.9770520925521851,0.976327657699585,1.2282343965160785
2046,0.030480356886982918,0.9964695572853088,0.970432460308075,0.9702019095420837,0.22984968380734047
2047,0.07175388187170029,1.0,0.977934718132019,0.9780927300453186,1.4098391668846633
2048,0.02354986034333706,0.999117374420166,0.9761694669723511,0.9706172347068787,0.23668743253384494
2049,0.08703288435935974,1.0,0.9757281541824341,0.975652813911438,1.2943839529999894
2050,0.03309829533100128,0.9982348084449768,0.9699912071228027,0.9709806442260742,0.3390061426344789
2051,0.0317419059574604,0.9973521828651428,0.9607237577438354,0.9627783894538879,0.23204975779726253
2052,0.06908018887042999,0.9973521828651428,0.9642542004585266,0.9635051488876343,0.5985329379961618
2053,0.06876803934574127,0.9982348084449768,0.9735216498374939,0.9733686447143555,1.0109263329744416
2054,0.03916375711560249,0.999117374420166,0.978376030921936,0.9747703075408936,0.35440611777054853
2055,0.050013039261102676,1.0,0.9796999096870422,0.9764314889907837,0.6090980548842946
2056,0.0589444525539875,1.0,0.9735216498374939,0.9763795733451843,0.6726006825571579
2057,0.05959445983171463,1.0,0.9726390242576599,0.9749779105186462,0.7004809140023777
2058,0.08029219508171082,0.9982348084449768,0.9739629626274109,0.9754970669746399,0.6199145818687251
2059,0.0505254864692688,0.9982348084449768,0.9695498943328857,0.9706172347068787,0.5247041047508474
2060,0.04111238196492195,0.9982348084449768,0.9699912071228027,0.9726937413215637,0.4396208230725039
2061,0.03273966535925865,1.0,0.9757281541824341,0.9776254892349243,0.5350667213584309
2062,0.024908022955060005,1.0,0.9766107797622681,0.97840416431427,0.21033733033264865
2063,0.04749681428074837,1.0,0.9744042158126831,0.9773659110069275,0.3693668905109891
2064,0.039164185523986816,1.0,0.9744042158126831,0.9778331518173218,0.41389651141211065
2065,0.059929534792900085,1.0,0.9752868413925171,0.9780927300453186,0.4608101016843432
2066,0.02824435569345951,1.0,0.9757281541824341,0.978975236415863,0.271117358143975
2067,0.0397333949804306,1.0,0.9739629626274109,0.9768468141555786,0.20814120608040443
2068,0.023455370217561722,1.0,0.970432460308075,0.9750298261642456,0.16674884555241917
2069,0.022286543622612953,1.0,0.9699912071228027,0.9737839102745056,0.31152902881277106
2070,0.04618293046951294,1.0,0.9713150858879089,0.9742511510848999,0.32548575120495754
2071,0.05151237174868584,1.0,0.9735216498374939,0.9765353202819824,0.36430390781368654
2072,0.028667183592915535,1.0,0.977934718132019,0.9779369831085205,0.4594055133469071
2073,0.02283821627497673,1.0,0.9770520925521851,0.97840416431427,0.25783323386043366
2074,0.01740056276321411,1.0,0.977493405342102,0.9766910672187805,0.12464572778157085
2075,0.030483979731798172,1.0,0.9770520925521851,0.9764314889907837,0.3371754006495664
2076,0.031020600348711014,1.0,0.9792585968971252,0.9774697422981262,0.5103881069187147
2077,0.05002715811133385,1.0,0.977493405342102,0.9752374887466431,0.4735010476209698
2078,0.028673971071839333,1.0,0.9770520925521851,0.9763795733451843,0.4897413964558238
2079,0.024391626939177513,1.0,0.9748455286026001,0.9758604764938354,0.24911934852212214
2080,0.020467504858970642,1.0,0.9735216498374939,0.9759123921394348,0.24167142934664693
2081,0.03259310498833656,1.0,0.9726390242576599,0.9750298261642456,0.2689259136359353
2082,0.02789749950170517,1.0,0.9708737730979919,0.9737839102745056,0.23240024998686837
2083,0.018362056463956833,1.0,0.9699912071228027,0.9738877415657043,0.24782133229168282
2084,0.024534860625863075,1.0,0.9717563986778259,0.9753932356834412,0.37892770669494585
2085,0.018398309126496315,1.0,0.9735216498374939,0.9767429828643799,0.16826714480555255
2086,0.02560601942241192,1.0,0.9757281541824341,0.978144645690918,0.2631286285744843
2087,0.02402902953326702,1.0,0.9752868413925171,0.9783522486686707,0.2821308730375589
2088,0.03850935027003288,1.0,0.9748455286026001,0.9767429828643799,0.22947306343666543
2089,0.025697944685816765,1.0,0.9752868413925171,0.9770544767379761,0.24460345766903596
2090,0.03448197618126869,1.0,0.9744042158126831,0.9778850674629211,0.2425341872532974
2091,0.031750623136758804,1.0,0.9761694669723511,0.9787675738334656,0.3339670784540771
2092,0.01537384930998087,1.0,0.9761694669723511,0.9774697422981262,0.1353912869623366
2093,0.014631623402237892,1.0,0.9721977114677429,0.9746145606040955,0.1518308930995479
2094,0.05957791581749916,1.0,0.9739629626274109,0.9754451513290405,0.5383880601038915
2095,0.02528877928853035,1.0,0.9748455286026001,0.9765353202819824,0.3090690522220474
2096,0.02107599377632141,1.0,0.9770520925521851,0.977573573589325,0.2707691151933508
2097,0.018688248470425606,1.0,0.977934718132019,0.977729320526123,0.23199555254902643
2098,0.05033297836780548,1.0,0.9766107797622681,0.9783003330230713,0.46958415086786237
2099,0.025018857792019844,1.0,0.9770520925521851,0.976898729801178,0.27674984039775774
2100,0.03576245531439781,0.999117374420166,0.9744042158126831,0.9742511510848999,0.601240914977106
2101,0.0538160502910614,1.0,0.977493405342102,0.9777812361717224,0.5912558594375268
2102,0.0400569885969162,0.9955869317054749,0.9748455286026001,0.9721227288246155,0.4657446899837428
2103,0.03761745244264603,1.0,0.9752868413925171,0.9755489826202393,0.6174198489860974
2104,0.036691900342702866,1.0,0.9744042158126831,0.9761719107627869,0.43327546981474735
2105,0.02628718502819538,1.0,0.9730803370475769,0.9743549823760986,0.19407913416741152
2106,0.023521989583969116,1.0,0.9691085815429688,0.9723303914070129,0.14572604991874372
2107,0.041848454624414444,1.0,0.9721977114677429,0.9759643077850342,0.518932121049808
2108,0.027312815189361572,1.0,0.9726390242576599,0.9747703075408936,0.22777873618262887
2109,0.03347724303603172,1.0,0.9717563986778259,0.9746664762496948,0.31741262278722376
2110,0.038086503744125366,1.0,0.9739629626274109,0.975652813911438,0.5355581080160461
2111,0.02980847842991352,0.9982348084449768,0.9695498943328857,0.9733167290687561,0.35383990491136974
2112,0.039365366101264954,1.0,0.9726390242576599,0.975081741809845,0.4804441592291864
2113,0.04113936796784401,1.0,0.9739629626274109,0.9752894043922424,0.5296181177570923
2114,0.028361260890960693,0.9947043061256409,0.9646955132484436,0.9676582217216492,0.23215708322840956
2115,0.07283003628253937,1.0,0.9726390242576599,0.9746664762496948,1.4757493631138625
2116,0.03144068643450737,0.9920564889907837,0.9567520022392273,0.9628822207450867,0.6409154552288714
2117,0.05938486382365227,1.0,0.9735216498374939,0.9742511510848999,1.4006610326220201
2118,0.05514739826321602,0.9938217401504517,0.9620476961135864,0.9620515704154968,0.6739467926840744
2119,0.06614095717668533,0.9982348084449768,0.9735216498374939,0.973835825920105,1.5538073039642903
2120,0.05234537646174431,0.9982348084449768,0.9761694669723511,0.972589910030365,0.8262667985567353
2121,0.03784535825252533,1.0,0.970432460308075,0.9723303914070129,0.8163265655205589
2122,0.04553524777293205,1.0,0.9673433303833008,0.9682811498641968,0.6233227074470805
2123,0.04753127694129944,1.0,0.9717563986778259,0.972589910030365,0.9336963574047598
2124,0.03947507590055466,1.0,0.9721977114677429,0.9733167290687561,0.7334464553763678
2125,0.03276332840323448,0.9947043061256409,0.9642542004585266,0.964854896068573,0.3795505868671358
2126,0.06875986605882645,1.0,0.9708737730979919,0.9737319946289062,1.150655298540021
2127,0.03826272115111351,1.0,0.9691085815429688,0.971084475517273,0.4319827232657441
2128,0.04802154749631882,0.999117374420166,0.9655781388282776,0.9668794870376587,0.5656731605885995
2129,0.07509025186300278,1.0,0.9589585065841675,0.9629860520362854,1.3223222131388033
2130,0.03627331182360649,0.9805825352668762,0.9377758502960205,0.9406115412712097,0.5136326296815713
2131,0.15003125369548798,1.0,0.970432460308075,0.9715516567230225,2.4002587906974933
2132,0.05812208727002144,0.9955869317054749,0.9620476961135864,0.9609094858169556,0.7369625191186098
2133,0.0838405042886734,0.9982348084449768,0.9655781388282776,0.9677101373672485,1.8204933618851507
2134,0.04475192353129387,1.0,0.9638128876686096,0.9677101373672485,0.6475552744863764
2135,0.032086972147226334,0.9964695572853088,0.9580759406089783,0.9610652327537537,0.36287680071851713
2136,0.0763070210814476,1.0,0.9669020175933838,0.9645434021949768,0.6633110784171677
2137,0.09291789680719376,1.0,0.9735216498374939,0.973160982131958,0.7680517205558012
2138,0.04995041340589523,1.0,0.9752868413925171,0.9746664762496948,0.40074341267588537
2139,0.05238994583487511,0.999117374420166,0.9744042158126831,0.9741992354393005,0.3841106936317518
2140,0.05063715577125549,1.0,0.9739629626274109,0.9740954041481018,0.4543562833747421
2141,0.046164169907569885,1.0,0.9752868413925171,0.9754451513290405,0.4076035078177674
2142,0.045600783079862595,1.0,0.9761694669723511,0.9759123921394348,0.3134343068872389
2143,0.033396318554878235,1.0,0.9730803370475769,0.9746664762496948,0.24486691330641383
2144,0.048666488379240036,1.0,0.9730803370475769,0.9751855731010437,0.4496591179372448
2145,0.030929969623684883,1.0,0.9761694669723511,0.9761199951171875,0.319965651515074
2146,0.02815454825758934,1.0,0.9788172841072083,0.9762757420539856,0.25794968849027106
2147,0.04062527418136597,1.0,0.977934718132019,0.9762238264083862,0.34739329138997765
2148,0.029976652935147285,1.0,0.977493405342102,0.9757566452026367,0.26598441060068895
2149,0.04667782783508301,1.0,0.977493405342102,0.9758604764938354,0.5950458314152615
2150,0.021382607519626617,1.0,0.9744042158126831,0.9734205603599548,0.20139451225958002
2151,0.030606234446167946,1.0,0.9735216498374939,0.9741992354393005,0.28866842691296285
2152,0.02702324278652668,1.0,0.977493405342102,0.9765872359275818,0.428603973770264
2153,0.028552625328302383,1.0,0.977934718132019,0.9765353202819824,0.24760206470296617
2154,0.039778850972652435,1.0,0.9744042158126831,0.9752374887466431,0.6828125928973959
2155,0.03578187897801399,0.999117374420166,0.9721977114677429,0.9717074036598206,0.3029367986392778
2156,0.06256330758333206,1.0,0.978376030921936,0.9784560799598694,0.9480471215756588
2157,0.039445631206035614,0.999117374420166,0.9691085815429688,0.9681254029273987,0.20313761460540344
2158,0.05324101075530052,1.0,0.9708737730979919,0.9703057408332825,0.791270868452424
2159,0.03991108760237694,1.0,0.9788172841072083,0.9777812361717224,0.720829614433245
2160,0.013933728449046612,0.999117374420166,0.9761694669723511,0.9747183918952942,0.10456051408907227
2161,0.035355597734451294,0.9964695572853088,0.9730803370475769,0.9711883068084717,0.48820075932940576
2162,0.06041456386446953,0.999117374420166,0.978376030921936,0.9764834046363831,0.7837375543723932
2163,0.05057474598288536,0.999117374420166,0.9691085815429688,0.9702538251876831,0.43129914082895116
2164,0.03593191131949425,0.9982348084449768,0.9651368260383606,0.9657374024391174,0.37723963015028406
2165,0.046537529677152634,1.0,0.9748455286026001,0.9754970669746399,0.9400088426005305
2166,0.02089417167007923,1.0,0.9739629626274109,0.9735243916511536,0.22324948959945043
2167,0.03423751890659332,1.0,0.9686672687530518,0.9689560532569885,0.3711971969709178
2168,0.04392930120229721,1.0,0.9717563986778259,0.9711363911628723,0.5886406807228954
2169,0.02411135844886303,1.0,0.9752868413925171,0.9747183918952942,0.41804309237760473
2170,0.034988515079021454,1.0,0.9726390242576599,0.9727975726127625,0.25764936621311674
2171,0.0383136086165905,1.0,0.9713150858879089,0.9722784757614136,0.358294077249491
2172,0.023072510957717896,0.999117374420166,0.9730803370475769,0.9734205603599548,0.2284530904667125
2173,0.04386713355779648,1.0,0.977493405342102,0.9757566452026367,0.4579489152810247
2174,0.039580557495355606,1.0,0.977934718132019,0.9769506454467773,0.6192663531740076
2175,0.03973691910505295,1.0,0.9757281541824341,0.9767948985099792,0.3437939997627088
2176,0.02094024233520031,1.0,0.9770520925521851,0.9764834046363831,0.2660956999101379
2177,0.020809007808566093,1.0,0.9757281541824341,0.975081741809845,0.257530536659883
2178,0.02205517143011093,1.0,0.9721977114677429,0.9728494882583618,0.22965598489723932
2179,0.042044784873723984,1.0,0.9699912071228027,0.9723303914070129,0.34474823988421316
2180,0.031231839209794998,1.0,0.970432460308075,0.9737839102745056,0.43319909853435623
2181,0.03585785627365112,1.0,0.9739629626274109,0.9758085608482361,0.5303436433507596
2182,0.02307990752160549,1.0,0.9748455286026001,0.9751855731010437,0.28930272702545745
2183,0.03616161644458771,1.0,0.9757281541824341,0.9760161638259888,0.43505184547435166
2184,0.03371051698923111,1.0,0.977493405342102,0.9781965613365173,0.6025226711899234
2185,0.020931756123900414,1.0,0.977934718132019,0.978144645690918,0.24026228222043114
2186,0.04044784605503082,0.999117374420166,0.9770520925521851,0.9776254892349243,0.41715130799807576
2187,0.02473531849682331,1.0,0.9757281541824341,0.9783003330230713,0.28408032447129944
2188,0.025410914793610573,1.0,0.9748455286026001,0.9780927300453186,0.13911150860519492
2189,0.021894831210374832,1.0,0.9757281541824341,0.9779888987541199,0.2619862002048832
2190,0.01648087427020073,1.0,0.977493405342102,0.9774178266525269,0.15866265096014065
2191,0.04195656627416611,1.0,0.9766107797622681,0.97715824842453,0.48323092344607416
2192,0.02829456329345703,1.0,0.977493405342102,0.9759123921394348,0.28562557944548345
2193,0.025813322514295578,1.0,0.9761694669723511,0.9757566452026367,0.3341712072814555
2194,0.013140683993697166,1.0,0.9748455286026001,0.9758604764938354,0.156887704764092
2195,0.020372793078422546,1.0,0.9739629626274109,0.9752894043922424,0.2493193339603433
2196,0.020416665822267532,1.0,0.9739629626274109,0.9754451513290405,0.20991031795800671
2197,0.015912357717752457,1.0,0.9744042158126831,0.9756008982658386,0.2879546090590305
2198,0.023239687085151672,1.0,0.9761694669723511,0.976898729801178,0.28781971687869545
2199,0.04239099845290184,1.0,0.977493405342102,0.9774697422981262,0.5300671392776741
2200,0.03869781270623207,1.0,0.9770520925521851,0.9772620797157288,0.2938470530368562
2201,0.02515869401395321,0.999117374420166,0.9730803370475769,0.9752374887466431,0.3484658781079178
2202,0.03959929570555687,0.999117374420166,0.9699912071228027,0.9733686447143555,0.3131882229752488
2203,0.048439692705869675,1.0,0.9726390242576599,0.9741992354393005,0.5220159674868902
2204,0.04148651286959648,1.0,0.9730803370475769,0.9736800789833069,0.3685126042001894
2205,0.024230916053056717,1.0,0.9713150858879089,0.9742511510848999,0.31932161939030074
2206,0.035669997334480286,1.0,0.9744042158126831,0.9734724760055542,0.479732021328835
2207,0.036055777221918106,0.999117374420166,0.9748455286026001,0.9741473197937012,0.37998245114001394
2208,0.040166713297367096,0.999117374420166,0.9748455286026001,0.9758085608482361,0.3153001109338591
2209,0.0313340499997139,1.0,0.9766107797622681,0.9770025610923767,0.4731526374968268
2210,0.022397413849830627,1.0,0.9757281541824341,0.9773139953613281,0.3551626218312275
2211,0.042573750019073486,1.0,0.9748455286026001,0.9761199951171875,0.31883440378205474
2212,0.03903963044285774,1.0,0.9766107797622681,0.9762238264083862,0.24699613147452112
2213,0.020902160555124283,1.0,0.9757281541824341,0.9763795733451843,0.15399508796420747
2214,0.032657377421855927,1.0,0.9761694669723511,0.9756008982658386,0.2088815670293676
2215,0.031195085495710373,1.0,0.9766107797622681,0.9753932356834412,0.3337204382411026
2216,0.021177582442760468,1.0,0.9761694669723511,0.9740954041481018,0.22568604585751476
2217,0.0395374670624733,1.0,0.9739629626274109,0.9735763072967529,0.36721948652281555
2218,0.035760547965765,1.0,0.9735216498374939,0.9736282229423523,0.3898624011353649
2219,0.04080707207322121,1.0,0.9730803370475769,0.9736800789833069,0.4192605693845693
2220,0.044817470014095306,1.0,0.9726390242576599,0.9738877415657043,0.3530023521753612
2221,0.03847631439566612,1.0,0.9744042158126831,0.9734724760055542,0.4518201281114223
2222,0.052566129714250565,1.0,0.9770520925521851,0.9762238264083862,0.5527126264557103
2223,0.029263630509376526,1.0,0.9770520925521851,0.976327657699585,0.17228677469741205
2224,0.029011961072683334,1.0,0.977934718132019,0.9767429828643799,0.33881058946226744
2225,0.04498505964875221,1.0,0.9801412224769592,0.9779888987541199,0.3670975403696037
2226,0.03022019751369953,1.0,0.9805825352668762,0.978144645690918,0.26801863241225043
2227,0.037620700895786285,0.999117374420166,0.9730803370475769,0.9749779105186462,0.42647265498966014
2228,0.032787930220365524,0.999117374420166,0.9695498943328857,0.9718112349510193,0.350295783657355
2229,0.05098448693752289,1.0,0.9726390242576599,0.9728494882583618,0.6421791906413646
2230,0.03396318107843399,1.0,0.9748455286026001,0.9757566452026367,0.4107814175530873
2231,0.030751029029488564,1.0,0.9757281541824341,0.9759123921394348,0.3051760837642839
2232,0.03756497800350189,1.0,0.9757281541824341,0.9757566452026367,0.5892172542976821
2233,0.04765714332461357,0.999117374420166,0.9788172841072083,0.9786637425422668,0.5420144410413763
2234,0.04752691090106964,0.999117374420166,0.977934718132019,0.9778850674629211,0.513119734203542
2235,0.034370046108961105,1.0,0.9788172841072083,0.9761719107627869,0.3404533815054658
2236,0.035940736532211304,1.0,0.9796999096870422,0.9763795733451843,0.4607989468847695
2237,0.05162469297647476,1.0,0.9792585968971252,0.9773139953613281,0.453820856339086
2238,0.04668492078781128,1.0,0.978376030921936,0.9771063923835754,0.5659630111846059
2239,0.025240985676646233,1.0,0.9761694669723511,0.9754451513290405,0.2472527212658344
2240,0.038205426186323166,1.0,0.9713150858879089,0.9709806442260742,0.3235491995033217
2241,0.03913908451795578,1.0,0.9682259559631348,0.9705653190612793,0.41911198329972377
2242,0.047496113926172256,1.0,0.9695498943328857,0.9718112349510193,0.561351751366593
2243,0.0363648347556591,1.0,0.9717563986778259,0.9718112349510193,0.293532956183552
2244,0.03662189468741417,1.0,0.9766107797622681,0.9750298261642456,0.8612306065383349
2245,0.03460212051868439,1.0,0.9752868413925171,0.974406898021698,0.2236448262791855
2246,0.04473789408802986,0.9938217401504517,0.9744042158126831,0.9714478254318237,0.35760405936776046
2247,0.04623018950223923,0.999117374420166,0.9770520925521851,0.9732648134231567,0.8972975934881166
2248,0.034661855548620224,1.0,0.9730803370475769,0.970669150352478,0.5732402521227475
2249,0.07308255881071091,1.0,0.9730803370475769,0.9729533195495605,1.5697943622584976
2250,0.04180477187037468,0.9788172841072083,0.9527802467346191,0.9518247246742249,0.6517889709857265
2251,0.15701767802238464,0.999117374420166,0.977493405342102,0.9737319946289062,1.9633733844299954
2252,0.040273070335388184,0.9902912974357605,0.9642542004585266,0.9589368104934692,0.4424965451704696
2253,0.11280609667301178,1.0,0.978376030921936,0.9752374887466431,2.1994127781420634
2254,0.03632866591215134,0.9885260462760925,0.9536628723144531,0.9519285559654236,0.41416950733177516
2255,0.10360553115606308,0.999117374420166,0.9638128876686096,0.96552973985672,1.381914943451685
2256,0.07188673317432404,0.999117374420166,0.9660194516181946,0.9661527276039124,0.7490622214208748
2257,0.0557987317442894,0.999117374420166,0.9721977114677429,0.9683849811553955,1.1105503371281937
2258,0.05707857012748718,0.9964695572853088,0.9677846431732178,0.9621034860610962,0.7098924560082956
2259,0.06967566907405853,0.9982348084449768,0.9699912071228027,0.9683849811553955,0.8052595243217318
2260,0.0636255294084549,0.999117374420166,0.9673433303833008,0.9645434021949768,0.49410709648541407
2261,0.04714977368712425,1.0,0.9682259559631348,0.9669833183288574,0.5465126730295405
2262,0.04385930672287941,1.0,0.9721977114677429,0.9697347283363342,0.4195120024895751
2263,0.0345219187438488,1.0,0.9788172841072083,0.9739396572113037,0.3187772906106715
2264,0.05359892174601555,1.0,0.977934718132019,0.9731090664863586,0.5018296530158435
2265,0.04374558478593826,1.0,0.9708737730979919,0.9724342226982117,0.4092502169526488
2266,0.04925568029284477,0.999117374420166,0.970432460308075,0.9722784757614136,0.45274084876962406
2267,0.036339662969112396,0.999117374420166,0.9713150858879089,0.9722784757614136,0.34085800148369005
2268,0.05103603005409241,0.999117374420166,0.9708737730979919,0.9725379943847656,0.33043593605663163
2269,0.04568658396601677,0.999117374420166,0.9735216498374939,0.9737839102745056,0.29407543647983914
2270,0.04748344048857689,0.999117374420166,0.9748455286026001,0.975081741809845,0.3580119162270072
2271,0.02759123034775257,1.0,0.9730803370475769,0.9762238264083862,0.2569557880608146
2272,0.02410644292831421,1.0,0.9717563986778259,0.9747183918952942,0.28177844005177716
2273,0.031102294102311134,1.0,0.9721977114677429,0.9752894043922424,0.3618599888529785
2274,0.03759900480508804,1.0,0.9752868413925171,0.9761719107627869,0.3630236108365318
2275,0.02705170214176178,1.0,0.9766107797622681,0.975652813911438,0.3508642424028281
2276,0.050475113093853,1.0,0.9796999096870422,0.9770544767379761,0.5481740944396838
2277,0.029202759265899658,1.0,0.9796999096870422,0.9766391515731812,0.22991528386969817
2278,0.03041294775903225,1.0,0.9766107797622681,0.9739915728569031,0.39150476727226835
2279,0.05246348679065704,1.0,0.9730803370475769,0.971343994140625,0.3896861015763599
2280,0.03387978672981262,1.0,0.9713150858879089,0.9727456569671631,0.40699126699464316
2281,0.019542360678315163,1.0,0.970432460308075,0.9729014039039612,0.1217070637263426
2282,0.039024192839860916,1.0,0.9766107797622681,0.976327657699585,0.5826840299486964
2283,0.026271093636751175,1.0,0.9792585968971252,0.9766391515731812,0.2009926249898575
2284,0.02594773843884468,1.0,0.977934718132019,0.9770025610923767,0.2839121873317243
2285,0.03656553477048874,1.0,0.978376030921936,0.977729320526123,0.43263309470167693
2286,0.030876947566866875,1.0,0.9757281541824341,0.975652813911438,0.31344109165609246
2287,0.026437999680638313,1.0,0.9757281541824341,0.9762757420539856,0.37547686251420187
2288,0.05091618746519089,1.0,0.9796999096870422,0.9783522486686707,0.58025846367843
2289,0.03312082961201668,1.0,0.9788172841072083,0.9780408143997192,0.3116738980350562
2290,0.030134262517094612,1.0,0.9792585968971252,0.9787156581878662,0.7022941897641893
2291,0.02476605586707592,1.0,0.977934718132019,0.9746664762496948,0.1816015730200945
2292,0.035310111939907074,1.0,0.9770520925521851,0.9734724760055542,0.3030408033045443
2293,0.03239304944872856,1.0,0.978376030921936,0.9739915728569031,0.29335041151548946
2294,0.026238108053803444,1.0,0.9770520925521851,0.9740434885025024,0.18971573546307838
2295,0.01659504510462284,1.0,0.9766107797622681,0.9739915728569031,0.16864883364648245
2296,0.0399768091738224,1.0,0.9770520925521851,0.9758085608482361,0.34217800541715265
2297,0.014460164122283459,1.0,0.977934718132019,0.9773659110069275,0.15713134772424417
2298,0.02611006610095501,1.0,0.9827890396118164,0.9779369831085205,0.24178450289479303
2299,0.03660978004336357,1.0,0.9810238480567932,0.9783522486686707,0.41789227675320456
2300,0.016781924292445183,1.0,0.9810238480567932,0.9784560799598694,0.17270213268662787
2301,0.022527586668729782,1.0,0.9810238480567932,0.9783522486686707,0.28931980198687923
2302,0.01616840809583664,1.0,0.978376030921936,0.9780408143997192,0.16904990022940025
2303,0.021547386422753334,1.0,0.978376030921936,0.9775216579437256,0.2502839721113676
2304,0.019124191254377365,1.0,0.978376030921936,0.9766391515731812,0.2014131765996368
2305,0.030183352530002594,1.0,0.9792585968971252,0.9766910672187805,0.2910929939390444
2306,0.016817985102534294,1.0,0.9788172841072083,0.9779369831085205,0.2994070274287309
2307,0.01907319389283657,1.0,0.977493405342102,0.9770025610923767,0.16625879124265394
2308,0.025913437828421593,1.0,0.9792585968971252,0.9768468141555786,0.2424599028845404
2309,0.03229709714651108,1.0,0.9788172841072083,0.9783522486686707,0.36545829431676824
2310,0.015371691435575485,1.0,0.977493405342102,0.9786118268966675,0.16873996822091483
2311,0.016053710132837296,1.0,0.9757281541824341,0.9762238264083862,0.10550272148747314
2312,0.02736012451350689,1.0,0.977934718132019,0.9791828989982605,0.6831611819623596
2313,0.016669753938913345,1.0,0.9739629626274109,0.9772101640701294,0.1544973303570929
2314,0.027650652453303337,1.0,0.9752868413925171,0.9777812361717224,0.47016326318003554
2315,0.022780312225222588,1.0,0.9788172841072083,0.9783003330230713,0.29957569949716
2316,0.017032457515597343,1.0,0.9761694669723511,0.9758604764938354,0.16694390786060775
2317,0.01396689098328352,1.0,0.9766107797622681,0.976898729801178,0.35961021950375327
2318,0.029211634770035744,1.0,0.9801412224769592,0.9782484769821167,0.24988352502544112
2319,0.020821772515773773,1.0,0.9801412224769592,0.9784560799598694,0.2087130081604983
2320,0.012867658399045467,1.0,0.9796999096870422,0.9786118268966675,0.1856953686969672
2321,0.016375120729207993,1.0,0.978376030921936,0.9781965613365173,0.1774185287880191
2322,0.025553176179528236,1.0,0.9770520925521851,0.9772620797157288,0.13523534059678022
2323,0.031537014991045,1.0,0.9748455286026001,0.9766910672187805,0.21960128256243136
2324,0.029385309666395187,1.0,0.9766107797622681,0.9761199951171875,0.49192263097382266
2325,0.017054568976163864,1.0,0.9739629626274109,0.9743549823760986,0.1834372191766136
2326,0.03918899968266487,1.0,0.9770520925521851,0.9751855731010437,0.4864033352865256
2327,0.011249043978750706,1.0,0.9761694669723511,0.9749259948730469,0.22886570108584633
2328,0.04440046846866608,1.0,0.9766107797622681,0.9767429828643799,0.5868718254797619
2329,0.020055171102285385,1.0,0.9770520925521851,0.9767948985099792,0.25479355969566364
2330,0.04151584953069687,1.0,0.9788172841072083,0.9778331518173218,0.4427300971203201
2331,0.031199771910905838,1.0,0.9810238480567932,0.9767429828643799,0.29569812967962944
2332,0.019092479720711708,1.0,0.9796999096870422,0.9752374887466431,0.2584614908021593
2333,0.04562002420425415,1.0,0.9757281541824341,0.9732128977775574,0.5150560218452337
2334,0.053239818662405014,1.0,0.9766107797622681,0.9732128977775574,0.49241074881293245
2335,0.02766416035592556,1.0,0.9757281541824341,0.9728494882583618,0.26846482472171324
2336,0.05094589293003082,1.0,0.9766107797622681,0.9761719107627869,0.6559994087209979
2337,0.03287201747298241,1.0,0.977934718132019,0.9753932356834412,0.2999979828251618
2338,0.02936127968132496,1.0,0.9792585968971252,0.9760680794715881,0.7678842607465941
2339,0.028544019907712936,1.0,0.977493405342102,0.9745107293128967,0.20457062621748837
2340,0.0443803034722805,1.0,0.9766107797622681,0.9718631505966187,0.39547252755184154
2341,0.03622596710920334,1.0,0.978376030921936,0.9747183918952942,0.4896985606760899
2342,0.04314027354121208,1.0,0.9757281541824341,0.974406898021698,0.30414403829125
2343,0.051838550716638565,1.0,0.9801412224769592,0.9758604764938354,0.5885058392478316
2344,0.024136068299412727,1.0,0.9757281541824341,0.9747183918952942,0.19405527572089495
2345,0.05133543908596039,1.0,0.977493405342102,0.9739396572113037,0.5304865937836325
2346,0.022433221340179443,1.0,0.9757281541824341,0.9720708131790161,0.26153008332399147
2347,0.03667061775922775,1.0,0.977493405342102,0.9745626449584961,0.6048354371016191
2348,0.03247468173503876,1.0,0.9752868413925171,0.9729014039039612,0.31873219431425903
2349,0.04237707704305649,1.0,0.9770520925521851,0.9745626449584961,0.494187815857901
2350,0.026607070118188858,1.0,0.9757281541824341,0.9760680794715881,0.5192167423540723
2351,0.04229231923818588,1.0,0.9766107797622681,0.973160982131958,0.5247550514982251
2352,0.04459099471569061,1.0,0.978376030921936,0.9762757420539856,0.7839571412605619
2353,0.036287400871515274,1.0,0.977493405342102,0.9759123921394348,0.4335247766248179
2354,0.043018825352191925,1.0,0.9744042158126831,0.9711883068084717,0.30283196882681407
2355,0.05523301288485527,1.0,0.9744042158126831,0.9739396572113037,0.6460069192684273
2356,0.01827540062367916,1.0,0.9699912071228027,0.969838559627533,0.25172838209940335
2357,0.05968230962753296,1.0,0.9669020175933838,0.9683330655097961,0.4531680294997105
2358,0.04111151024699211,1.0,0.9695498943328857,0.9697347283363342,0.3980277708880503
2359,0.03040093556046486,1.0,0.9735216498374939,0.973835825920105,0.5354054129382796
2360,0.025217868387699127,1.0,0.9744042158126831,0.9746664762496948,0.26167583495988145
2361,0.04022108390927315,1.0,0.9739629626274109,0.9752374887466431,0.3200694069158247
2362,0.029238486662507057,1.0,0.9761694669723511,0.975652813911438,0.30487216917678445
2363,0.04951009899377823,1.0,0.9752868413925171,0.9745107293128967,0.5602952192502204
2364,0.03715159744024277,1.0,0.9691085815429688,0.9723303914070129,0.40222626659602717
2365,0.04549679160118103,1.0,0.9708737730979919,0.9718112349510193,0.4827368656952002
2366,0.022219421342015266,1.0,0.9721977114677429,0.9707729816436768,0.2431527223845801
2367,0.029327068477869034,1.0,0.9735216498374939,0.9708248972892761,0.2567671610968412
2368,0.048040881752967834,1.0,0.9748455286026001,0.9730052351951599,0.39509676122630033
2369,0.04711301997303963,1.0,0.9757281541824341,0.9742511510848999,0.30948458276901153
2370,0.026162022724747658,1.0,0.978376030921936,0.9772101640701294,0.41470413147100565
2371,0.013400931842625141,1.0,0.977934718132019,0.9772101640701294,0.18688368362939856
2372,0.02197454497218132,1.0,0.9766107797622681,0.9762238264083862,0.23038512706563308
2373,0.03694571182131767,1.0,0.977934718132019,0.97715824842453,0.4584453682839454
2374,0.0285908505320549,1.0,0.977934718132019,0.9776774048805237,0.23849523063634082
2375,0.01384028047323227,1.0,0.9766107797622681,0.9777812361717224,0.1536599104230349
2376,0.04520276188850403,1.0,0.9770520925521851,0.9774697422981262,0.4432105261677064
2377,0.03330538421869278,1.0,0.9748455286026001,0.9767429828643799,0.3083012096783828
2378,0.02318495884537697,1.0,0.9757281541824341,0.9770025610923767,0.2797305470034571
2379,0.02307494543492794,1.0,0.9766107797622681,0.9781965613365173,0.25128215260431125
2380,0.028472675010561943,1.0,0.9761694669723511,0.9792348146438599,0.20597472266358122
2381,0.014814785681664944,1.0,0.9744042158126831,0.9779888987541199,0.11394302165310617
2382,0.03639039769768715,1.0,0.9730803370475769,0.9757566452026367,0.2606393465225893
2383,0.02283022180199623,1.0,0.9748455286026001,0.9776254892349243,0.35448868137900247
2384,0.02668345905840397,1.0,0.9770520925521851,0.9792348146438599,0.25553269781238874
2385,0.026340901851654053,1.0,0.977934718132019,0.9792867302894592,0.1950270506141385
2386,0.017733169719576836,1.0,0.9766107797622681,0.9780927300453186,0.16525236888520095
2387,0.05397674813866615,1.0,0.9770520925521851,0.9772620797157288,0.46497844579246933
2388,0.023666443303227425,1.0,0.9757281541824341,0.9761199951171875,0.1960902069264822
2389,0.029840825125575066,1.0,0.9739629626274109,0.9749779105186462,0.2422964484788521
2390,0.03807873651385307,1.0,0.9744042158126831,0.9767948985099792,0.490782636282078
2391,0.019097819924354553,1.0,0.9761694669723511,0.9763795733451843,0.1832688940922832
2392,0.015954602509737015,1.0,0.9735216498374939,0.9747703075408936,0.10249421013152858
2393,0.021038321778178215,1.0,0.9739629626274109,0.975652813911438,0.26467083323822344
2394,0.046460166573524475,1.0,0.9766107797622681,0.9783003330230713,0.4319762512467715
2395,0.01569988951086998,1.0,0.977934718132019,0.9788194894790649,0.16214744499674352
2396,0.02483237534761429,1.0,0.9792585968971252,0.977573573589325,0.35999059093232116
2397,0.030654368922114372,1.0,0.9792585968971252,0.97715824842453,0.48525036184397496
2398,0.012431648559868336,1.0,0.9757281541824341,0.9764314889907837,0.1916441893945786
2399,0.03661853075027466,1.0,0.978376030921936,0.9761719107627869,0.6487906684466203
2400,0.030329223722219467,1.0,0.9770520925521851,0.976898729801178,0.49768049061397684
